/*** Spectra Vista SIG Data ***/
name= \My Documents\varunmtech14\concrete 1.
instrument= HR: 1031044
integration= 50, 60, 30, 200, 60, 30
scan time= 2, 2
scan settings= AD, AI, AD, AI
external data set1= 8224, 8224, 8224, 8224, 8224, 8224, 8224, 8224, 8224, 8224, 8224, 8224, 8224, 8224, 8224, 8224
external data set2= 8224, 8224, 8224, 8224, 8224, 8224, 8224, 8224, 8224, 8224, 8224, 8224, 8224, 8224, 8224, 8224
external data dark= 0,0,0,0,0,0,0,0
external data mask= 0
optic= LENS 4, LENS 4
temp= 31.77, 8.94, -5.17, 32.74, 8.88, -5.24
battery= 7.7, 7.7
error= 0, 0
units= Radiance, Radiance
time= 1/23/15 10:33:12 AM, 1/23/15 10:37:24 AM
longitude= , 
latitude= , 
gpstime= , 
comm= 
memory slot= 0, 0
factors= 
data= 
341.6 15014.52 2984.38 19.88
343.1 15684.32 3125.62 19.93
344.7 16291.55 3250.52 19.95
346.3 16699.01 3327.16 19.92
347.9 17136.30 3430.85 20.02
349.5 18082.68 3615.82 20.00
351.1 19331.40 3874.61 20.04
352.6 20452.84 4105.09 20.07
354.2 21517.20 4325.80 20.10
355.8 22180.52 4461.96 20.12
357.4 22646.48 4585.56 20.25
358.9 22567.69 4575.33 20.27
360.5 22769.18 4642.26 20.39
362.1 23457.28 4794.68 20.44
363.6 24568.05 5028.61 20.47
365.2 26380.16 5418.16 20.54
366.8 28924.65 5935.13 20.52
368.3 30950.28 6370.08 20.58
369.9 32001.97 6591.03 20.60
371.5 32463.63 6719.77 20.70
373.0 32681.35 6785.61 20.76
374.6 32336.80 6743.75 20.85
376.1 31792.67 6653.22 20.93
377.7 30902.04 6493.50 21.01
379.3 30468.78 6411.08 21.04
380.8 31607.24 6665.13 21.09
382.4 33499.05 7075.58 21.12
383.9 34225.35 7246.22 21.17
385.5 34000.32 7241.76 21.30
387.0 33873.92 7252.79 21.41
388.6 34861.44 7495.86 21.50
390.1 35509.76 7678.52 21.62
391.7 34787.35 7545.53 21.69
393.2 33789.88 7365.59 21.80
394.8 34211.40 7489.80 21.89
396.3 36413.37 7977.88 21.91
397.9 40296.78 8856.70 21.98
399.4 45176.40 9952.20 22.03
401.0 50713.60 11186.99 22.06
402.5 55465.90 12259.98 22.10
404.1 59027.74 13064.54 22.13
405.6 61059.28 13544.80 22.18
407.1 62252.02 13845.98 22.24
408.7 62637.47 13967.82 22.30
410.2 61916.76 13867.69 22.40
411.7 60406.08 13579.62 22.48
413.3 59114.25 13328.25 22.55
414.8 58401.73 13196.85 22.60
416.4 58535.84 13250.08 22.64
417.9 59089.68 13398.54 22.67
419.4 60447.04 13734.00 22.72
420.9 62595.15 14237.40 22.75
422.5 64954.50 14805.38 22.79
424.0 66277.89 15144.31 22.85
425.5 65968.00 15114.12 22.91
427.1 64630.88 14855.24 22.98
428.6 62730.20 14473.58 23.07
430.1 60952.31 14124.75 23.17
431.6 59845.26 13943.96 23.30
433.2 59446.77 13912.37 23.40
434.7 59779.50 14049.75 23.50
436.2 60656.95 14302.70 23.58
437.8 62062.42 14685.84 23.66
439.3 63835.25 15145.30 23.73
440.8 66111.30 15728.40 23.79
442.3 68899.82 16436.15 23.86
443.8 71855.28 17183.05 23.91
445.4 74718.99 17913.89 23.98
446.9 77125.96 18538.90 24.04
448.4 79164.45 19083.41 24.11
449.9 80480.40 19451.25 24.17
451.4 80964.84 19629.50 24.24
452.9 80469.49 19568.98 24.32
454.5 79742.28 19462.53 24.41
456.0 78845.79 19302.59 24.48
457.5 78060.36 19163.34 24.55
459.0 77375.83 19054.02 24.63
460.5 76560.88 18909.18 24.70
462.0 75618.09 18724.19 24.76
463.6 75078.50 18628.31 24.81
465.1 75535.59 18781.13 24.86
466.6 77819.84 19386.36 24.91
468.1 80575.20 20113.20 24.96
469.6 81634.84 20425.41 25.02
471.1 81673.28 20474.87 25.07
472.6 82007.04 20609.28 25.13
474.1 82739.00 20853.53 25.20
475.6 83351.68 21077.62 25.29
477.1 83415.64 21165.07 25.37
478.6 83078.52 21147.73 25.46
480.1 82203.48 21002.11 25.55
481.6 80422.50 20611.88 25.63
483.1 78135.20 20095.08 25.72
484.7 75885.04 19582.36 25.81
486.2 74044.52 19173.28 25.89
487.7 72831.54 18919.74 25.98
489.2 72630.85 18928.50 26.06
490.7 73483.74 19205.51 26.14
492.2 75007.08 19659.21 26.21
493.7 76632.32 20132.40 26.27
495.2 78175.00 20593.75 26.34
496.7 79335.00 20949.60 26.41
498.1 80093.36 21212.27 26.48
499.6 80460.90 21362.40 26.55
501.1 80640.30 21477.34 26.63
502.6 80578.69 21520.88 26.71
504.1 80357.64 21534.92 26.80
505.6 79947.00 21498.75 26.89
507.1 79537.99 21464.74 26.99
508.6 78757.50 21328.13 27.08
510.1 77625.92 21088.24 27.17
511.6 76249.95 20782.70 27.26
513.1 74620.00 20394.50 27.33
514.6 73287.72 20090.02 27.41
516.1 72124.90 19828.56 27.49
517.5 70961.80 19570.23 27.58
519.0 70306.56 19449.36 27.66
520.5 70173.46 19470.87 27.75
522.0 70693.84 19662.37 27.81
523.5 71623.44 19965.49 27.88
525.0 72615.69 20292.93 27.95
526.5 73899.00 20700.00 28.01
528.0 75319.40 21136.75 28.06
529.4 76768.50 21595.53 28.13
530.9 78229.26 22053.69 28.19
532.4 79497.00 22461.45 28.25
533.9 80234.05 22726.59 28.33
535.4 80414.18 22843.17 28.41
536.8 80110.60 22811.43 28.47
538.3 79374.76 22654.91 28.54
539.8 78438.91 22460.08 28.63
541.3 77299.20 22201.56 28.72
542.8 76344.28 21988.51 28.80
544.2 75514.67 21816.25 28.89
545.7 74921.86 21705.22 28.97
547.2 74361.76 21599.78 29.05
548.6 73781.55 21494.63 29.13
550.1 73271.60 21406.13 29.21
551.6 73028.62 21389.06 29.29
553.1 72743.04 21355.42 29.36
554.5 72439.39 21313.32 29.42
556.0 72284.80 21310.80 29.48
557.5 72249.90 21342.53 29.54
558.9 72437.85 21438.93 29.60
560.4 72772.92 21578.64 29.65
561.9 73486.92 21825.28 29.70
563.3 74219.88 22071.37 29.74
564.8 74932.50 22323.71 29.79
566.3 75323.91 22476.67 29.84
567.7 75349.95 22518.80 29.89
569.2 75294.72 22541.22 29.94
570.6 74978.96 22482.82 29.99
572.1 74574.50 22404.53 30.04
573.6 74124.60 22304.54 30.09
575.0 73686.26 22216.35 30.15
576.5 73234.90 22110.88 30.19
577.9 72892.17 22048.46 30.25
579.4 72569.80 21985.25 30.30
580.9 72310.45 21944.19 30.35
582.3 72088.68 21902.81 30.38
583.8 71604.81 21786.82 30.43
585.2 70692.72 21535.98 30.46
586.7 69543.60 21199.00 30.48
588.1 68152.90 20790.11 30.51
589.6 67041.30 20464.24 30.52
591.0 66170.80 20211.34 30.54
592.5 65768.10 20107.43 30.57
593.9 65611.98 20075.20 30.60
595.4 65824.48 20157.60 30.62
596.8 66114.64 20261.88 30.65
598.2 66354.40 20349.94 30.67
599.7 66751.75 20484.38 30.69
601.1 67416.68 20704.20 30.71
602.6 68070.72 20921.45 30.73
604.0 68920.64 21195.08 30.75
605.5 69671.80 21429.10 30.76
606.9 70379.30 21658.04 30.77
608.3 70902.48 21816.77 30.77
609.8 71301.96 21948.03 30.78
611.2 71605.85 22045.40 30.79
612.6 71765.10 22097.63 30.79
614.1 72085.20 22187.54 30.78
615.5 72266.88 22240.26 30.78
616.9 72380.10 22274.96 30.77
618.4 72095.56 22195.06 30.79
619.8 70982.10 21851.66 30.78
621.2 69486.52 21391.18 30.78
622.7 67889.36 20911.06 30.80
624.1 66557.98 20503.13 30.80
625.5 65350.31 20142.99 30.82
626.9 64530.18 19893.39 30.83
628.4 63940.32 19702.76 30.81
629.8 63561.39 19605.67 30.85
631.2 63724.48 19642.24 30.82
632.6 64368.98 19726.53 30.65
634.0 66531.48 19753.02 29.69
635.5 91605.92 19782.92 21.60
636.9 131917.95 19790.13 15.00
638.3 131799.96 19793.25 15.02
639.7 78838.69 19799.64 25.11
641.1 65944.48 19823.41 30.06
642.5 64708.62 19776.24 30.56
644.0 64234.50 19716.90 30.70
645.4 63991.57 19658.89 30.72
646.8 63547.67 19547.13 30.76
648.2 63205.56 19467.69 30.80
649.6 63029.54 19433.30 30.83
651.0 62853.12 19395.84 30.86
652.4 62654.93 19335.32 30.86
653.8 62515.08 19307.58 30.88
655.2 62265.44 19240.74 30.90
656.6 62027.28 19184.97 30.93
658.0 62068.72 19227.81 30.98
659.4 62575.89 19393.22 30.99
660.8 63192.80 19603.71 31.02
662.2 64042.15 19864.42 31.02
663.6 64765.44 20100.96 31.04
665.0 65312.40 20261.94 31.02
666.4 65485.68 20312.52 31.02
667.8 65379.96 20276.33 31.01
669.2 64951.51 20146.78 31.02
670.6 64360.79 19959.88 31.01
672.0 63727.56 19776.02 31.03
673.4 63095.86 19579.67 31.03
674.8 62638.16 19436.00 31.03
676.1 62227.20 19313.28 31.04
677.5 61901.07 19220.18 31.05
678.9 61625.95 19133.12 31.05
680.3 61336.48 19051.02 31.06
681.7 60824.24 18904.02 31.08
683.1 59674.08 18550.17 31.09
684.4 58151.09 18080.45 31.09
685.8 56593.80 17603.28 31.10
687.2 55022.88 17127.84 31.13
688.6 53782.05 16744.00 31.13
689.9 52983.62 16507.26 31.16
691.3 52825.92 16462.04 31.16
692.7 53156.00 16577.30 31.19
694.1 53607.40 16726.33 31.20
695.4 54105.60 16878.72 31.20
696.8 54585.30 17036.25 31.21
698.2 55184.36 17215.90 31.20
699.5 55865.84 17420.36 31.18
700.9 56810.10 17701.52 31.16
702.2 58021.00 18068.88 31.14
703.6 59272.20 18446.87 31.12
705.0 60214.70 18725.53 31.10
706.3 60558.03 18819.97 31.08
707.7 60271.14 18725.82 31.07
709.0 59617.44 18518.16 31.06
710.4 58997.48 18312.83 31.04
711.8 58372.48 18112.06 31.03
713.1 57689.80 17880.10 30.99
714.5 56688.54 17546.99 30.95
715.8 55390.02 17114.11 30.90
717.2 54098.96 16684.94 30.84
718.5 52815.63 16257.59 30.78
719.9 51670.52 15888.07 30.75
721.2 51034.10 15673.39 30.71
722.5 50787.54 15584.43 30.69
723.9 50712.51 15547.90 30.66
725.2 50561.28 15495.48 30.65
726.6 50423.67 15444.74 30.63
727.9 50453.20 15428.63 30.58
729.2 50880.40 15568.04 30.60
730.6 51672.72 15809.17 30.59
731.9 52636.08 16108.96 30.60
733.2 53784.48 16457.88 30.60
734.6 54912.40 16807.03 30.61
735.9 55823.18 17090.64 30.62
737.2 56540.64 17319.84 30.63
738.6 57103.02 17487.93 30.63
739.9 57657.60 17656.32 30.62
741.2 58180.50 17815.88 30.62
742.5 58637.46 17952.64 30.62
743.9 59124.52 18101.51 30.62
745.2 59411.95 18193.31 30.62
746.5 59593.72 18245.11 30.62
747.8 59669.22 18263.72 30.61
749.1 59679.12 18271.47 30.62
750.4 59629.65 18261.27 30.62
751.8 59582.65 18237.28 30.61
753.1 59460.22 18199.07 30.61
754.4 59034.20 18080.80 30.63
755.7 57378.90 17572.65 30.63
757.0 54438.39 16659.90 30.60
758.3 50326.38 15395.96 30.59
759.6 45457.28 13893.22 30.56
760.9 40888.52 12489.12 30.54
762.2 37245.87 11370.85 30.53
763.5 35929.45 10969.88 30.53
764.8 36966.97 11301.06 30.57
766.1 39612.15 12132.81 30.63
767.4 42988.50 13181.50 30.66
768.7 46453.00 14260.35 30.70
770.0 49599.71 15230.94 30.71
771.3 52177.26 16023.48 30.71
772.6 54315.89 16684.42 30.72
773.9 56100.58 17222.90 30.70
775.2 57855.00 17741.25 30.67
776.5 59684.36 18302.45 30.67
777.7 61827.22 18950.75 30.65
779.0 63564.93 19480.99 30.65
780.3 63599.48 19488.72 30.64
781.6 61771.20 18941.40 30.66
782.9 59490.00 18240.30 30.66
784.1 57957.12 17794.08 30.70
785.4 57231.60 17588.41 30.73
786.7 56806.23 17456.28 30.73
788.0 56492.64 17363.16 30.74
789.2 56294.34 17318.31 30.76
790.5 56239.27 17299.01 30.76
791.8 56302.68 17324.69 30.77
793.0 56383.35 17343.66 30.76
794.3 56395.28 17367.60 30.80
795.6 56318.40 17344.80 30.80
796.9 56283.12 17344.42 30.82
798.1 56189.76 17312.46 30.81
799.4 56040.90 17278.01 30.83
800.6 55874.56 17223.05 30.82
801.9 55783.68 17209.52 30.85
803.1 55804.32 17231.54 30.88
804.4 55823.76 17247.24 30.90
805.6 55592.55 17180.87 30.90
806.9 55065.80 17018.50 30.91
808.2 54306.06 16792.56 30.92
809.4 53250.12 16476.57 30.94
810.7 51830.73 16059.64 30.98
811.9 50123.08 15508.71 30.94
813.1 48242.98 14923.82 30.93
814.4 46369.80 14359.68 30.97
815.6 44815.74 13860.88 30.93
816.9 43685.28 13533.66 30.98
818.1 42843.45 13269.91 30.97
819.4 42417.42 13155.66 31.01
820.6 42255.75 13132.10 31.08
821.8 42290.60 13149.35 31.09
823.1 42601.72 13247.80 31.10
824.3 42776.16 13316.80 31.13
825.5 43012.20 13396.85 31.15
826.8 43389.50 13519.98 31.16
828.0 43665.72 13617.49 31.19
829.2 43874.04 13693.68 31.21
830.4 44074.80 13753.50 31.20
831.6 44415.36 13879.80 31.25
832.9 44982.60 14062.00 31.26
834.1 45606.84 14271.85 31.29
835.3 46246.20 14479.47 31.31
836.5 46980.56 14719.84 31.33
837.8 47674.00 14960.18 31.38
839.0 48299.55 15157.84 31.38
840.2 48829.97 15341.80 31.42
841.4 49344.00 15504.00 31.42
842.6 49872.60 15659.84 31.40
843.8 50272.64 15807.88 31.44
845.0 50491.50 15894.56 31.48
846.2 50518.16 15892.24 31.46
847.4 50361.52 15866.70 31.51
848.6 50063.16 15774.24 31.51
849.8 49652.64 15659.42 31.54
851.0 49171.95 15509.25 31.54
852.2 48626.76 15346.38 31.56
853.4 48472.50 15313.69 31.59
854.6 48476.10 15321.10 31.61
855.8 48620.00 15359.50 31.59
857.0 48948.90 15491.52 31.65
858.2 49467.30 15660.09 31.66
859.4 49855.84 15802.19 31.70
860.6 50114.40 15882.12 31.69
861.8 50181.85 15922.90 31.73
863.0 50106.65 15903.93 31.74
864.1 49805.07 15804.49 31.73
865.3 49645.86 15760.83 31.75
866.5 49533.36 15736.08 31.77
867.7 49417.20 15693.30 31.76
868.9 49491.90 15728.73 31.78
870.0 49637.59 15784.22 31.80
871.2 49762.72 15848.00 31.85
872.4 49815.50 15859.87 31.84
873.6 49835.72 15892.40 31.89
874.7 49904.64 15899.20 31.86
875.9 49989.94 15937.10 31.88
877.1 50037.00 15966.94 31.91
878.2 50084.00 15960.98 31.87
879.4 49987.00 15955.31 31.92
880.6 49846.56 15907.89 31.91
881.7 49437.65 15797.64 31.95
882.9 49012.26 15672.86 31.98
884.0 48572.17 15535.64 31.98
885.2 48143.85 15423.11 32.04
886.4 47826.02 15319.50 32.03
887.5 47435.46 15172.59 31.99
888.7 46979.40 15057.12 32.05
889.8 46523.16 14910.12 32.05
891.0 45782.66 14685.72 32.08
892.1 44853.82 14385.78 32.07
893.3 43501.90 13960.83 32.09
894.4 41863.50 13427.33 32.07
895.5 40095.30 12872.13 32.10
896.7 38299.20 12276.60 32.05
897.8 36673.50 11735.52 32.00
899.0 35441.19 11363.07 32.06
900.1 34721.12 11148.76 32.11
901.2 34430.76 11064.69 32.14
902.4 34580.76 11108.16 32.12
903.5 34563.21 11098.89 32.11
904.6 34470.75 11089.49 32.17
905.8 34167.51 11001.80 32.20
906.9 33746.10 10860.42 32.18
908.0 33181.40 10648.15 32.09
909.2 32592.04 10473.52 32.14
910.3 32141.20 10339.93 32.17
911.4 31719.52 10195.56 32.14
912.5 31337.40 10067.59 32.13
913.6 31036.50 9973.43 32.13
914.8 30808.70 9898.89 32.13
915.9 30758.26 9890.50 32.16
917.0 30977.44 9963.56 32.16
918.1 31329.80 10127.54 32.33
919.2 31816.32 10251.32 32.22
920.3 32172.91 10404.63 32.34
921.5 32526.10 10496.08 32.27
922.6 32598.24 10538.54 32.33
923.7 32435.92 10481.24 32.31
924.8 32029.57 10345.52 32.30
925.9 31076.76 10014.83 32.23
927.0 29697.95 9550.96 32.16
928.1 27872.39 8968.12 32.18
929.2 25541.25 8232.00 32.23
930.3 22952.40 7376.24 32.14
931.4 20371.26 6501.27 31.91
932.5 17879.00 5730.69 32.05
933.5 15922.00 5044.50 31.68
934.6 14403.75 4580.39 31.80
935.7 13389.45 4239.99 31.67
936.8 13152.10 4161.56 31.64
937.9 13226.76 4200.39 31.76
939.0 13359.68 4285.56 32.08
940.1 13668.00 4345.20 31.79
941.1 13865.65 4459.77 32.16
942.2 13999.32 4487.77 32.06
943.3 13985.79 4469.47 31.96
944.4 13882.88 4471.68 32.21
945.4 13995.64 4440.07 31.72
946.5 14197.05 4518.27 31.83
947.6 14339.52 4584.51 31.97
948.7 14570.35 4673.29 32.07
949.7 14814.90 4719.26 31.85
950.8 14890.10 4796.57 32.21
951.9 15157.44 4873.82 32.15
952.9 15488.80 4967.63 32.07
954.0 15639.00 5043.58 32.25
955.0 16105.66 5133.01 31.87
956.1 16558.95 5342.04 32.26
957.1 16918.04 5461.95 32.28
958.2 17343.86 5599.43 32.28
959.2 18113.00 5811.50 32.08
960.3 18637.97 5979.94 32.08
961.4 19272.33 6205.82 32.20
962.4 20094.60 6468.15 32.19
963.4 20900.24 6696.68 32.04
964.5 21758.99 7042.68 32.37
965.5 22956.92 7482.13 32.59
966.6 24291.82 7891.21 32.49
967.6 25711.56 8326.19 32.38
968.6 26847.90 8793.66 32.75
969.7 28315.17 9236.72 32.62
970.7 29277.50 9557.01 32.64
971.7 29800.72 9745.88 32.70
972.8 30192.96 9929.53 32.89
973.8 30358.25 9948.17 32.77
974.8 30536.10 9960.59 32.62
975.8 30829.50 10024.63 32.52
976.9 31014.88 10137.47 32.69
977.9 31165.42 10243.18 32.87
978.9 32004.18 10441.08 32.62
979.9 32235.84 10509.12 32.60
980.9 32830.32 10728.26 32.68
981.9 33468.03 10931.61 32.66
982.9 34090.95 11229.96 32.94
983.9 34670.40 11463.60 33.06
984.9 35416.70 11708.00 33.06
985.9 36227.82 11999.51 33.12
986.9 36651.45 12163.80 33.19
987.9 37092.64 12336.24 33.26
988.9 37668.28 12585.43 33.41
989.9 38232.90 12651.95 33.09
990.9 38269.22 12724.03 33.25
991.9 39049.95 12931.46 33.12
992.9 39293.80 13007.98 33.10
993.9 39219.44 13168.16 33.58
994.9 39829.35 13035.06 32.73
995.9 40541.22 13214.39 32.59
996.8 40927.50 13437.86 32.83
997.8 40528.23 13558.01 33.45
998.8 40573.00 13654.38 33.65
999.8 40578.56 13582.08 33.47
1000.7 41252.04 13931.61 33.77
1001.7 41495.82 13799.32 33.25
1002.6 42145.29 14154.86 33.59
1003.6 41923.80 14091.06 33.61
1004.6 42341.62 14538.99 34.34
1005.5 42127.50 14323.35 34.00
1006.5 43109.82 14682.33 34.06
1007.5 42376.09 14588.49 34.43
1008.4 43478.96 14557.69 33.48
1009.4 44511.27 15273.48 34.31
1010.3 45269.06 14761.65 32.61
1011.2 44495.60 15017.27 33.75
1012.2 45507.96 15169.32 33.33
1013.1 47440.14 15813.38 33.33
1014.0 47783.40 17520.58 36.67
988.9 30291.63 9664.74 31.91
992.7 30857.53 9930.17 32.18
996.6 31730.60 10197.06 32.14
1000.4 32199.46 10316.45 32.04
1004.3 32315.15 10391.74 32.16
1008.1 32312.63 10360.04 32.06
1012.0 32539.95 10430.82 32.06
1015.8 32922.21 10577.61 32.13
1019.6 33465.67 10747.61 32.12
1023.5 34215.46 10996.17 32.14
1027.3 34957.86 11241.04 32.16
1031.2 35526.30 11402.22 32.10
1035.0 35845.87 11523.60 32.15
1038.8 36028.25 11605.51 32.21
1042.7 36168.42 11631.98 32.16
1046.5 36176.65 11629.12 32.15
1050.3 36138.34 11628.12 32.18
1054.2 35999.31 11596.19 32.21
1058.0 35650.40 11493.66 32.24
1061.8 35178.84 11348.63 32.26
1065.6 34649.40 11186.40 32.28
1069.5 34041.67 11003.13 32.32
1073.3 33466.80 10829.09 32.36
1077.1 32887.08 10642.68 32.36
1080.9 32274.04 10448.52 32.37
1084.7 31605.86 10258.64 32.46
1088.5 30788.74 9993.98 32.46
1092.3 29768.30 9653.34 32.43
1096.2 28550.44 9275.88 32.49
1100.0 26948.38 8752.46 32.48
1103.8 24916.59 8090.86 32.47
1107.6 22497.75 7298.10 32.44
1111.4 19726.46 6375.14 32.32
1115.2 16859.18 5439.98 32.27
1119.0 14062.39 4525.55 32.18
1122.8 11689.84 3739.33 31.99
1126.6 10034.00 3204.92 31.94
1130.4 9096.99 2898.05 31.86
1134.2 8662.97 2776.35 32.05
1138.0 8527.83 2757.76 32.34
1141.8 8670.04 2805.58 32.36
1145.6 9037.35 2931.34 32.44
1149.4 9675.23 3148.77 32.54
1153.2 10715.98 3515.49 32.81
1156.9 12129.80 4010.66 33.06
1160.7 13776.63 4587.45 33.30
1164.5 15427.22 5171.76 33.52
1168.3 16870.66 5685.21 33.70
1172.1 17998.92 6093.06 33.85
1175.8 18810.79 6400.68 34.03
1179.6 19382.43 6607.57 34.09
1183.4 19744.79 6747.02 34.17
1187.2 19992.59 6864.09 34.33
1190.9 20175.06 6939.39 34.40
1194.7 20305.38 7010.27 34.52
1198.5 20366.67 7058.05 34.65
1202.2 20369.27 7078.92 34.75
1206.0 20389.26 7116.36 34.90
1209.8 20479.56 7169.80 35.01
1213.5 20664.82 7242.40 35.05
1217.3 20897.50 7355.92 35.20
1221.0 21178.67 7489.28 35.36
1224.8 21476.11 7609.70 35.43
1228.5 21760.43 7719.91 35.48
1232.3 22021.44 7827.74 35.55
1236.0 22201.95 7909.01 35.62
1239.8 22270.20 7950.96 35.70
1243.5 22190.87 7935.14 35.76
1247.3 21953.82 7859.43 35.80
1251.0 21541.59 7723.93 35.86
1254.8 20948.38 7523.02 35.91
1258.5 20253.13 7284.16 35.97
1262.2 19580.64 7040.64 35.96
1266.0 19059.32 6859.79 35.99
1269.7 18751.43 6750.28 36.00
1273.4 18690.06 6723.13 35.97
1277.2 18835.34 6789.55 36.05
1280.9 19031.63 6883.23 36.17
1284.6 19167.81 6932.86 36.17
1288.3 19196.71 6941.04 36.16
1292.1 19044.96 6888.13 36.17
1295.8 18718.16 6777.41 36.21
1299.5 18214.01 6596.69 36.22
1303.2 17564.86 6363.46 36.23
1306.9 16818.09 6087.17 36.19
1310.6 16021.10 5796.42 36.18
1314.3 15150.69 5482.79 36.19
1318.0 14226.70 5142.67 36.15
1321.8 13263.88 4790.44 36.12
1325.5 12268.59 4429.83 36.11
1329.2 11233.46 4049.85 36.05
1332.8 10106.70 3636.13 35.98
1336.5 8911.12 3208.90 36.01
1340.2 7711.34 2768.87 35.91
1343.9 6482.45 2314.28 35.70
1347.6 5189.84 1849.28 35.63
1351.3 3949.14 1409.34 35.69
1355.0 2903.25 1024.83 35.30
1358.7 2094.61 734.64 35.07
1362.3 1517.25 535.50 35.29
1366.0 1118.92 394.17 35.23
1369.7 831.93 297.48 35.76
1373.4 635.76 237.79 37.40
1377.1 509.12 188.10 36.95
1380.7 425.71 156.18 36.69
1384.4 376.50 138.05 36.67
1388.1 364.42 129.79 35.62
1391.7 370.71 126.89 34.23
1395.4 379.44 128.96 33.99
1399.0 407.88 143.38 35.15
1402.7 449.18 162.89 36.26
1406.4 498.54 175.23 35.15
1410.0 555.08 189.96 34.22
1413.7 625.35 214.19 34.25
1417.3 702.42 245.60 34.97
1421.0 772.07 274.51 35.56
1424.6 844.56 298.66 35.36
1428.2 908.80 322.48 35.48
1431.9 961.18 348.18 36.22
1435.5 999.57 364.38 36.45
1439.2 1039.31 388.21 37.35
1442.8 1115.21 431.38 38.68
1446.4 1206.84 481.27 39.88
1450.0 1305.45 542.11 41.53
1453.7 1392.65 593.39 42.61
1457.3 1459.26 636.46 43.62
1460.9 1492.57 666.33 44.64
1464.5 1475.62 674.71 45.72
1468.1 1431.93 672.28 46.95
1471.8 1398.76 663.08 47.40
1475.4 1399.05 676.65 48.36
1479.0 1440.60 727.50 50.50
1482.6 1545.13 800.20 51.79
1486.2 1696.52 901.13 53.12
1489.8 1865.64 1021.55 54.76
1493.4 2069.74 1154.37 55.77
1497.0 2287.70 1284.74 56.16
1500.6 2506.64 1416.69 56.52
1504.2 2713.39 1558.66 57.44
1507.7 2914.28 1689.09 57.96
1511.3 3103.75 1800.79 58.02
1514.9 3285.15 1914.35 58.27
1518.5 3467.50 2025.88 58.42
1522.1 3627.78 2119.36 58.42
1525.7 3774.66 2200.70 58.30
1529.2 3917.10 2283.79 58.30
1532.8 4052.79 2362.74 58.30
1536.4 4174.52 2429.98 58.21
1539.9 4287.53 2480.25 57.85
1543.5 4397.71 2538.15 57.72
1547.0 4512.91 2603.33 57.69
1550.6 4618.25 2647.51 57.33
1554.2 4706.75 2676.95 56.87
1557.7 4787.17 2710.26 56.62
1561.3 4842.50 2728.24 56.34
1564.8 4869.40 2731.55 56.10
1568.4 4882.33 2736.12 56.04
1571.9 4887.33 2730.94 55.88
1575.5 4906.01 2735.21 55.75
1579.0 4960.63 2752.68 55.49
1582.5 5042.15 2787.93 55.29
1586.0 5129.96 2822.82 55.03
1589.6 5211.47 2848.19 54.65
1593.1 5259.31 2872.75 54.62
1596.6 5290.52 2878.26 54.40
1600.2 5327.13 2878.65 54.04
1603.7 5361.73 2897.90 54.05
1607.2 5407.55 2914.28 53.89
1610.7 5466.63 2931.53 53.63
1614.2 5531.72 2954.64 53.41
1617.7 5602.00 2989.77 53.37
1621.2 5678.56 3033.01 53.41
1624.7 5731.95 3046.23 53.14
1628.2 5754.21 3060.64 53.19
1631.7 5766.06 3071.96 53.28
1635.2 5758.66 3057.83 53.10
1638.7 5742.35 3045.11 53.03
1642.2 5735.54 3036.31 52.94
1645.7 5735.18 3033.03 52.88
1649.2 5737.31 3033.22 52.87
1652.6 5741.82 3029.67 52.76
1656.1 5753.39 3024.05 52.56
1659.6 5768.55 3024.03 52.42
1663.1 5773.68 3028.51 52.45
1666.5 5768.45 3018.38 52.33
1670.0 5767.91 3000.92 52.03
1673.5 5780.81 3007.20 52.02
1676.9 5782.92 3008.08 52.02
1680.4 5791.55 2996.46 51.74
1683.8 5801.26 2990.81 51.55
1687.3 5803.40 2986.69 51.46
1690.7 5788.24 2973.80 51.38
1694.2 5763.00 2956.08 51.29
1697.6 5745.79 2945.16 51.26
1701.1 5728.37 2932.51 51.19
1704.5 5710.82 2919.77 51.13
1707.9 5673.93 2896.16 51.04
1711.4 5634.92 2865.92 50.86
1714.8 5592.59 2844.96 50.87
1718.2 5536.54 2819.92 50.93
1721.6 5459.15 2770.19 50.74
1725.1 5372.46 2722.68 50.68
1728.5 5290.30 2670.45 50.48
1731.9 5194.19 2616.88 50.38
1735.3 5104.03 2564.77 50.25
1738.7 5032.84 2519.26 50.06
1742.1 4957.08 2482.79 50.09
1745.5 4876.09 2439.46 50.03
1748.9 4790.54 2398.11 50.06
1752.3 4710.13 2356.49 50.03
1755.7 4639.77 2299.89 49.57
1759.1 4539.34 2235.19 49.24
1762.5 4402.84 2169.64 49.28
1765.8 4263.07 2090.88 49.05
1769.2 4087.04 1999.86 48.93
1772.6 3876.69 1898.97 48.98
1776.0 3671.71 1780.22 48.48
1779.3 3449.21 1657.03 48.04
1782.7 3210.52 1544.60 48.11
1786.1 2953.18 1415.62 47.94
1789.4 2678.14 1273.31 47.54
1792.8 2384.38 1126.13 47.23
1796.1 2066.75 979.30 47.38
1799.5 1764.36 829.40 47.01
1802.8 1479.13 678.94 45.90
1806.2 1212.31 560.46 46.23
1809.5 982.58 456.09 46.42
1812.9 798.46 356.24 44.62
1816.2 644.77 277.65 43.06
1819.5 523.73 232.43 44.38
1822.9 429.32 189.77 44.20
1826.2 352.00 155.75 44.25
1829.5 290.53 124.96 43.01
1832.8 244.84 97.31 39.74
1836.1 217.42 88.23 40.58
1839.5 189.42 69.45 36.67
1842.8 164.16 56.83 34.62
1846.1 154.69 63.14 40.82
1849.4 148.85 60.17 40.43
1852.7 133.60 54.08 40.48
1856.0 121.75 54.47 44.74
1859.3 122.47 54.79 44.74
1862.5 120.40 48.81 40.54
1865.8 117.04 40.13 34.29
1869.1 107.63 45.14 41.94
1872.4 110.86 46.49 41.94
1875.7 120.55 54.80 45.45
1878.9 116.59 52.65 45.16
1882.2 114.61 31.62 27.59
1885.5 127.47 33.99 26.67
1888.7 139.29 51.07 36.67
1892.0 149.18 51.44 34.48
1895.2 166.98 40.31 24.14
1898.5 180.21 64.36 35.71
1901.8 185.48 92.74 50.00
1905.0 186.70 85.57 45.83
1870.5 506.76 84.46 16.67
1873.3 254.27 127.14 50.00
1876.1 190.87 381.75 200.00
1878.8 -36.33 -181.67 500.00
1881.6 -82.86 -248.57 300.00
1884.4 21.36 21.36 100.00
1887.2 102.24 85.20 83.33
1890.0 83.70 153.45 183.33
1892.8 83.70 82.05 98.03
1895.5 40.57 40.57 100.00
1898.3 54.25 54.25 100.00
1901.1 57.72 41.23 71.43
1903.8 53.35 7.62 14.29
1906.6 7.13 7.13 100.00
1909.3 7.13 20.28 284.37
1912.1 45.41 32.43 71.43
1914.9 69.03 43.93 63.64
1917.6 42.60 24.34 57.14
1920.4 29.53 11.81 40.00
1923.1 45.88 11.47 25.00
1925.9 60.57 44.05 72.73
1928.6 36.66 36.66 100.00
1931.4 39.80 0.00 0.00
1934.1 56.60 23.58 41.67
1936.8 71.41 40.17 56.25
1939.6 92.33 0.00 0.00
1942.3 85.69 15.58 18.18
1945.0 79.90 54.48 68.18
1947.8 75.09 51.20 68.18
1950.5 83.72 48.30 57.69
1953.2 110.58 49.15 44.44
1955.9 121.57 62.27 51.22
1958.7 132.25 71.88 54.35
1961.4 143.06 72.93 50.98
1964.1 182.05 91.03 50.00
1966.8 231.06 130.48 56.47
1969.5 266.48 156.12 58.59
1972.2 296.93 171.20 57.66
1974.9 338.03 204.95 60.63
1977.6 408.61 233.49 57.14
1980.3 452.58 272.61 60.23
1983.0 476.10 293.60 61.67
1985.7 511.19 300.39 58.76
1988.4 526.33 315.80 60.00
1991.1 524.37 324.11 61.81
1993.8 520.74 331.38 63.64
1996.5 487.48 313.57 64.32
1999.1 429.78 263.67 61.35
2001.8 394.00 244.28 62.00
2004.5 353.03 227.51 64.44
2007.2 316.21 198.61 62.81
2009.8 305.76 190.77 62.39
2012.5 289.53 161.72 55.86
2015.2 276.31 172.04 62.26
2017.8 275.98 197.13 71.43
2020.5 320.86 218.29 68.03
2023.2 385.05 262.77 68.24
2025.8 423.80 291.20 68.71
2028.5 493.37 334.97 67.89
2031.2 580.50 392.16 67.56
2033.8 636.44 443.19 69.64
2036.5 683.70 474.72 69.43
2039.1 709.04 497.62 70.18
2041.7 716.78 520.82 72.66
2044.4 730.61 531.82 72.79
2047.0 750.44 526.85 70.21
2049.7 731.21 511.33 69.93
2052.3 700.25 495.05 70.70
2054.9 699.49 475.76 68.01
2057.6 676.79 476.07 70.34
2060.2 659.21 469.40 71.21
2062.8 664.73 467.87 70.38
2065.4 665.20 467.44 70.27
2068.1 684.51 473.49 69.17
2070.7 718.20 502.74 70.00
2073.3 756.07 532.34 70.41
2075.9 801.34 548.83 68.49
2078.5 845.30 579.04 68.50
2081.1 892.98 621.20 69.57
2083.7 944.13 659.60 69.86
2086.3 1004.27 683.32 68.04
2088.9 1040.51 714.38 68.66
2091.6 1081.23 744.96 68.90
2094.1 1133.35 764.17 67.43
2096.7 1161.33 793.10 68.29
2099.3 1197.89 813.23 67.89
2101.9 1237.42 834.42 67.43
2104.5 1265.14 852.88 67.41
2107.1 1301.09 866.53 66.60
2109.7 1334.69 888.06 66.54
2112.3 1359.81 906.54 66.67
2114.8 1404.32 919.62 65.49
2117.4 1442.35 935.15 64.84
2120.0 1472.72 954.34 64.80
2122.6 1520.00 976.00 64.21
2125.1 1563.41 1002.94 64.15
2127.7 1603.08 1032.67 64.42
2130.3 1638.54 1037.29 63.31
2132.8 1672.44 1047.99 62.66
2135.4 1714.03 1079.10 62.96
2137.9 1753.14 1088.53 62.09
2140.5 1781.05 1098.13 61.66
2143.0 1797.97 1107.70 61.61
2145.6 1811.10 1111.79 61.39
2148.1 1829.21 1114.50 60.93
2150.7 1837.92 1115.88 60.71
2153.2 1842.27 1115.20 60.53
2155.8 1855.73 1100.90 59.32
2158.3 1850.73 1094.11 59.12
2160.8 1840.31 1092.77 59.38
2163.4 1861.45 1083.37 58.20
2165.9 1873.77 1069.96 57.10
2168.4 1869.55 1076.00 57.55
2171.0 1866.86 1078.69 57.78
2173.5 1883.00 1070.62 56.86
2176.0 1901.49 1077.33 56.66
2178.5 1931.69 1080.67 55.94
2181.1 1932.01 1076.64 55.73
2183.6 1925.10 1063.80 55.26
2186.1 1953.01 1068.48 54.71
2188.6 1950.31 1068.48 54.79
2191.1 1950.00 1058.96 54.31
2193.6 1955.42 1058.96 54.16
2196.1 1958.40 1058.08 54.03
2198.6 1986.23 1061.32 53.43
2201.1 2011.73 1060.53 52.72
2203.6 2026.09 1061.03 52.37
2206.1 2020.95 1065.54 52.72
2208.6 2021.22 1070.06 52.94
2211.1 2051.96 1063.46 51.83
2213.6 2074.52 1070.72 51.61
2216.0 2097.79 1083.81 51.66
2218.5 2108.40 1083.60 51.39
2221.0 2120.29 1089.63 51.39
2223.5 2125.00 1090.83 51.33
2225.9 2126.10 1088.70 51.21
2228.4 2143.54 1098.81 51.26
2230.9 2141.77 1093.79 51.07
2233.3 2121.33 1070.74 50.47
2235.8 2117.59 1078.99 50.95
2238.3 2126.60 1079.21 50.75
2240.7 2109.51 1059.11 50.21
2243.2 2069.01 1047.60 50.63
2245.7 2059.78 1037.19 50.35
2248.1 2045.14 1034.29 50.57
2250.6 2008.19 1017.29 50.66
2253.0 1991.73 994.40 49.93
2255.4 1960.26 974.24 49.70
2257.9 1923.09 957.13 49.77
2260.3 1898.73 952.31 50.16
2262.8 1858.88 938.32 50.48
2265.2 1844.23 931.01 50.48
2267.6 1826.65 922.25 50.49
2270.1 1778.07 892.02 50.17
2272.5 1761.06 892.51 50.68
2274.9 1751.92 889.48 50.77
2277.3 1726.49 863.24 50.00
2279.8 1682.58 845.84 50.27
2282.2 1662.25 838.75 50.46
2284.6 1663.94 844.25 50.74
2287.0 1635.05 826.78 50.57
2289.4 1586.95 799.70 50.39
2291.8 1560.58 788.14 50.50
2294.3 1531.05 781.34 51.03
2296.7 1510.45 782.37 51.80
2299.1 1482.88 765.57 51.63
2301.5 1459.96 742.90 50.88
2303.9 1444.48 735.25 50.90
2306.3 1416.96 728.16 51.39
2308.7 1390.20 714.96 51.43
2311.0 1388.99 709.41 51.07
2313.4 1363.72 714.96 52.43
2315.8 1314.72 690.56 52.53
2318.2 1261.89 660.99 52.38
2320.6 1206.07 658.78 54.62
2323.0 1189.89 654.27 54.99
2325.3 1194.91 636.38 53.26
2327.7 1176.40 612.00 52.02
2330.1 1148.05 602.98 52.52
2332.5 1151.42 608.17 52.82
2334.8 1115.83 576.80 51.69
2337.2 1056.08 564.16 53.42
2339.6 1027.11 544.57 53.02
2341.9 998.50 521.71 52.25
2344.3 960.95 515.04 53.60
2346.6 912.61 471.92 51.71
2349.0 879.60 465.87 52.96
2351.3 824.85 435.24 52.77
2353.7 801.80 404.42 50.44
2356.0 807.36 435.00 53.88
2358.4 806.59 438.06 54.31
2360.7 784.50 418.40 53.33
2363.1 752.50 416.50 55.35
2365.4 743.41 382.23 51.42
2367.7 736.38 384.04 52.15
2370.1 711.54 389.40 54.73
2372.4 675.07 361.00 53.48
2374.7 642.64 347.17 54.02
2377.0 627.00 333.67 53.22
2379.3 628.28 337.75 53.76
2381.7 620.78 335.95 54.12
2384.0 589.33 309.40 52.50
2386.3 573.39 305.31 53.25
2388.6 578.01 315.28 54.55
2390.9 582.38 298.75 51.30
2393.2 577.35 296.27 51.32
2395.5 562.28 306.00 54.42
2397.8 516.57 312.26 60.45
2400.2 498.59 274.42 55.04
2402.4 532.02 248.53 46.72
2404.7 534.07 272.88 51.09
2407.0 512.85 264.32 51.54
2409.3 494.76 247.38 50.00
2411.6 467.09 237.57 50.86
2413.9 460.10 228.01 49.56
2416.2 456.40 222.03 48.65
2418.5 444.59 232.68 52.34
2420.8 431.74 213.78 49.51
2423.0 409.66 190.05 46.39
2425.3 443.39 208.90 47.12
2427.6 443.59 215.33 48.54
2429.8 426.63 213.31 50.00
2432.1 413.44 206.72 50.00
2434.4 417.36 195.36 46.81
2436.6 411.24 205.62 50.00
2438.9 388.15 189.56 48.84
2441.2 391.30 172.90 44.19
2443.4 380.56 174.23 45.78
2445.7 351.88 185.20 52.63
2447.9 335.88 158.61 47.22
2450.2 320.28 141.30 44.12
2452.4 308.97 152.11 49.23
2454.7 297.29 124.67 41.94
2456.9 281.20 140.60 50.00
2459.1 299.41 161.98 54.10
2461.4 321.86 143.60 44.62
2463.6 304.70 144.86 47.54
2465.8 282.89 126.29 44.64
2468.1 270.48 112.27 41.51
2470.3 260.00 130.00 50.00
2472.5 259.54 116.53 44.90
2474.8 234.89 96.09 40.91
2477.0 219.83 85.79 39.02
2479.2 211.45 92.17 43.59
2481.4 187.17 93.59 50.00
2483.6 149.94 66.64 44.44
2485.8 123.31 61.66 50.00
2488.0 120.16 57.22 47.62
2490.2 117.20 46.88 40.00
2492.4 89.25 41.65 46.67
2494.7 72.54 36.27 50.00
2496.8 92.48 61.65 66.67
2499.0 75.82 37.91 50.00
2501.2 77.92 6.49 8.33
2503.4 93.75 46.88 50.00
2505.6 61.13 74.71 122.22
