/*** Spectra Vista SIG Data ***/
name= \My Documents\varunmtech14\drysand.
instrument= HR: 1031044
integration= 10, 19.2, 30, 30, 38.4, 30
scan time= 1, 1
scan settings= AD, AI, AD, AI
external data set1= 8224, 8224, 8224, 8224, 8224, 8224, 8224, 8224, 8224, 8224, 8224, 8224, 8224, 8224, 8224, 8224
external data set2= 8224, 8224, 8224, 8224, 8224, 8224, 8224, 8224, 8224, 8224, 8224, 8224, 8224, 8224, 8224, 8224
external data dark= 0,0,0,0,0,0,0,0
external data mask= 0
optic= LENS 4, LENS 4
temp= 39.75, 9.08, -5.03, 43.62, 9.01, -5.03
battery= 7.8, 7.6
error= 0, 0
units= Radiance, Radiance
time= 1/2/08 07:45:06 AM, 1/2/08 07:53:51 AM
longitude= , 
latitude= , 
gpstime= , 
comm= 
memory slot= 0, 0
factors= 
data= 
341.6 95693.40 26447.25 27.64
343.1 99955.40 27693.97 27.71
344.7 103439.65 28711.58 27.76
346.3 106692.25 29640.87 27.78
347.9 110561.40 30878.80 27.93
349.5 117811.40 32997.77 28.01
351.1 127941.75 36006.50 28.14
352.6 136621.10 38577.58 28.24
354.2 144050.00 40735.33 28.28
355.8 148523.90 42049.08 28.31
357.4 150917.00 42804.47 28.36
358.9 149576.55 42522.52 28.43
360.5 150636.60 42869.85 28.46
362.1 156481.60 44705.47 28.57
363.6 165838.00 47539.25 28.67
365.2 180028.80 51687.47 28.71
366.8 199452.50 57467.08 28.81
368.3 215422.95 62229.45 28.89
369.9 222983.80 64509.90 28.93
371.5 225121.45 65092.05 28.91
373.0 224940.30 65125.23 28.95
374.6 222108.00 64408.00 29.00
376.1 219799.30 63949.90 29.09
377.7 216707.40 63390.60 29.25
379.3 216420.75 63578.55 29.38
380.8 227779.20 67058.73 29.44
382.4 243527.70 71901.70 29.53
383.9 247600.35 73201.85 29.56
385.5 243189.60 71961.07 29.59
387.0 240822.40 71425.23 29.66
388.6 247639.80 73684.90 29.75
390.1 251579.20 75039.20 29.83
391.7 247195.65 73991.02 29.93
393.2 239145.80 71685.03 29.98
394.8 241908.00 72675.00 30.04
396.3 258372.30 77831.20 30.12
397.9 287584.05 86931.27 30.23
399.4 326322.00 98964.00 30.33
401.0 370333.80 112671.73 30.42
402.5 409003.00 124731.83 30.50
404.1 438961.05 134142.60 30.56
405.6 454536.70 139080.90 30.60
407.1 461855.25 141429.05 30.62
408.7 462544.95 141672.53 30.63
410.2 456201.00 139975.87 30.68
411.7 445676.40 137042.20 30.75
413.3 438213.75 135102.50 30.83
414.8 435994.90 134780.20 30.91
416.4 440626.45 136621.28 31.01
417.9 448758.00 139556.53 31.10
419.4 462726.80 144330.53 31.19
420.9 482159.25 150715.75 31.26
422.5 502563.75 157397.50 31.32
424.0 514397.10 161432.95 31.38
425.5 512582.00 161266.93 31.46
427.1 500195.20 157584.00 31.50
428.6 483326.75 152472.15 31.55
430.1 467097.10 147608.17 31.60
431.6 456493.20 144549.90 31.67
433.2 453564.00 144082.75 31.77
434.7 457338.75 145763.75 31.87
436.2 466682.50 149228.50 31.98
437.8 480957.05 154354.90 32.09
439.3 497431.75 160110.33 32.19
440.8 517866.75 167203.50 32.29
442.3 541545.40 175295.45 32.37
443.8 566514.00 183807.70 32.45
445.4 591005.70 192217.05 32.52
446.9 611829.00 199454.23 32.60
448.4 628895.25 205449.53 32.67
449.9 639275.00 209254.50 32.73
451.4 642797.65 210750.83 32.79
452.9 638874.35 209766.67 32.83
454.5 632603.40 208035.40 32.89
456.0 624705.15 205748.20 32.94
457.5 618115.20 203907.80 32.99
459.0 613757.20 202805.40 33.04
460.5 609295.80 201702.73 33.10
462.0 605109.60 200752.85 33.18
463.6 604252.25 200896.50 33.25
465.1 611650.65 203684.65 33.30
466.6 632869.30 211047.90 33.35
468.1 656964.00 219276.00 33.38
469.6 666427.30 222649.47 33.41
471.1 667176.90 223070.90 33.44
472.6 670464.00 224371.20 33.47
474.1 677376.50 226917.33 33.50
475.6 683145.00 229099.93 33.54
477.1 683754.50 229550.93 33.57
478.6 680182.00 228637.73 33.61
480.1 673203.40 226592.50 33.66
481.6 658837.50 222187.50 33.72
483.1 639996.50 216192.17 33.78
484.7 621590.55 210274.98 33.83
486.2 607207.70 205783.30 33.89
487.7 598170.65 203135.17 33.96
489.2 597604.35 203388.42 34.03
490.7 606355.20 206830.80 34.11
492.2 621268.05 212392.70 34.19
493.7 637518.40 218494.93 34.27
495.2 652656.25 224166.67 34.35
496.7 664092.00 228555.75 34.42
498.1 671902.45 231637.98 34.47
499.6 676027.50 233427.00 34.53
501.1 677742.15 234434.40 34.59
502.6 677218.70 234706.60 34.66
504.1 674658.60 234311.00 34.73
505.6 670609.80 233440.20 34.81
507.1 666576.35 232537.78 34.89
508.6 659850.00 230737.50 34.97
510.1 650292.80 227963.73 35.06
511.6 639874.05 224951.13 35.16
513.1 626605.00 220955.00 35.26
514.6 615164.00 217478.43 35.35
516.1 604703.90 214311.47 35.44
517.5 594289.15 211186.73 35.54
519.0 588009.60 209497.80 35.63
520.5 587233.00 209772.35 35.72
522.0 593286.40 212533.07 35.82
523.5 603061.20 216622.35 35.92
525.0 614004.30 221167.80 36.02
526.5 626980.00 226415.83 36.11
528.0 641005.50 232106.00 36.21
529.4 654652.00 237615.33 36.30
530.9 668014.10 242991.07 36.38
532.4 679437.00 247654.00 36.45
533.9 686507.00 250744.25 36.52
535.4 688299.85 251892.32 36.60
536.8 684723.00 251071.13 36.67
538.3 677335.20 248862.70 36.74
539.8 668459.00 246096.58 36.82
541.3 657811.80 242743.40 36.90
542.8 648680.90 239920.60 36.99
544.2 640860.15 237563.78 37.07
545.7 635326.90 236039.92 37.15
547.2 630525.20 234802.00 37.24
548.6 626037.00 233662.00 37.32
550.1 622186.60 232773.13 37.41
551.6 620872.70 232823.50 37.50
553.1 619624.00 232879.73 37.58
554.5 618559.90 233014.98 37.67
556.0 618828.00 233632.00 37.75
557.5 620212.50 234626.25 37.83
558.9 623450.10 236335.10 37.91
560.4 628267.80 238609.60 37.98
561.9 636031.20 241931.53 38.04
563.3 643858.80 245303.67 38.10
564.8 651619.20 248662.60 38.16
566.3 656351.95 250866.03 38.22
567.7 657463.95 251641.65 38.27
569.2 657426.60 251974.20 38.33
570.6 655119.55 251390.28 38.37
572.1 652151.50 250536.00 38.42
573.6 648935.10 249574.60 38.46
575.0 645589.70 248544.63 38.50
576.5 642080.15 247441.83 38.54
577.9 639075.45 246530.70 38.58
579.4 635798.65 245594.33 38.63
580.9 632835.55 244760.92 38.68
582.3 630061.00 244012.13 38.73
583.8 625573.35 242616.90 38.78
585.2 617317.20 239783.60 38.84
586.7 606594.00 235835.33 38.88
588.1 593615.40 230971.80 38.91
589.6 582983.25 226975.50 38.93
591.0 574560.05 223808.68 38.95
592.5 570504.75 222343.00 38.97
593.9 569221.10 222077.80 39.01
595.4 571694.40 223253.07 39.05
596.8 575648.80 225141.73 39.11
598.2 579271.60 226913.17 39.17
599.7 584228.75 229281.25 39.25
601.1 591771.20 232627.17 39.31
602.6 599314.50 235913.70 39.36
604.0 608339.20 239710.67 39.40
605.5 616434.50 243129.33 39.44
606.9 623928.20 246260.17 39.47
608.3 629577.30 248646.60 39.49
609.8 633965.40 250560.30 39.52
611.2 637558.25 252099.67 39.54
612.6 639206.70 252914.20 39.57
614.1 641832.60 254127.00 39.59
615.5 643148.10 254734.90 39.61
616.9 643360.20 254936.95 39.63
618.4 639579.40 253440.52 39.63
619.8 628510.50 249090.00 39.63
621.2 614178.80 243437.73 39.64
622.7 599377.60 237559.20 39.63
624.1 587545.20 232900.80 39.64
625.5 577161.10 228844.23 39.65
626.9 570350.55 226106.10 39.64
628.4 565086.60 224093.70 39.66
629.8 561529.15 222648.38 39.65
631.2 561217.60 222479.20 39.64
632.6 562446.30 223196.57 39.68
634.0 562542.00 223577.20 39.74
635.5 563014.00 224066.40 39.80
636.9 562950.00 224369.17 39.86
638.3 563137.20 224728.20 39.91
639.7 563230.50 224986.65 39.95
641.1 564045.30 225360.10 39.95
642.5 563323.20 224968.35 39.94
644.0 562378.20 224397.10 39.90
645.4 561468.35 223829.93 39.87
646.8 558550.20 222626.00 39.86
648.2 556479.00 221889.80 39.87
649.6 555397.00 221673.90 39.91
651.0 554342.40 221542.40 39.96
652.4 553038.20 221365.95 40.03
653.8 552315.30 221387.00 40.08
655.2 550664.80 220819.47 40.10
656.6 547187.20 219242.33 40.07
658.0 547627.50 219278.73 40.04
659.4 552375.75 221203.20 40.05
660.8 558489.75 223710.42 40.06
662.2 567506.80 227406.40 40.07
663.6 574905.60 230400.00 40.08
665.0 579997.20 232463.60 40.08
666.4 581561.40 233128.90 40.09
667.8 580451.40 232667.10 40.08
669.2 576551.95 231196.12 40.10
670.6 571106.25 229165.52 40.13
672.0 565533.90 227082.60 40.15
673.4 559900.60 224925.90 40.17
674.8 555598.40 223363.33 40.20
676.1 551667.20 221894.40 40.22
677.5 548779.70 220738.70 40.22
678.9 546175.95 219692.03 40.22
680.3 543474.00 218581.33 40.22
681.7 539633.90 217044.50 40.22
683.1 530370.00 213298.20 40.22
684.4 517746.90 208225.82 40.22
685.8 505038.60 203094.60 40.21
687.2 491803.20 197730.40 40.21
688.6 480625.25 193159.75 40.19
689.9 472072.70 189673.37 40.18
691.3 467734.40 187964.00 40.19
692.7 467695.20 187921.33 40.18
694.1 469122.50 188611.50 40.21
695.4 471014.40 189427.20 40.22
696.8 473280.50 190395.33 40.23
698.2 476864.85 191880.68 40.24
699.5 481283.10 193696.30 40.25
700.9 487937.00 196415.43 40.25
702.2 496485.00 199863.33 40.26
703.6 505294.40 203408.40 40.26
705.0 511465.50 205948.17 40.27
706.3 512680.35 206490.48 40.28
707.7 508851.80 205052.80 40.30
709.0 502238.40 202509.60 40.32
710.4 495820.30 199991.97 40.34
711.8 489708.00 197667.20 40.36
713.1 482513.50 194821.00 40.38
714.5 472032.00 190600.80 40.38
715.8 458046.75 184814.00 40.35
717.2 443802.00 178864.27 40.30
718.5 430168.55 173212.55 40.27
719.9 417942.80 168104.20 40.22
721.2 409860.10 164758.53 40.20
722.5 405967.80 163130.40 40.18
723.9 404051.70 162322.40 40.17
725.2 401486.40 161330.40 40.18
726.6 398816.55 160201.80 40.17
727.9 397202.40 159544.00 40.17
729.2 399602.40 160483.73 40.16
730.6 405319.80 162879.10 40.19
731.9 412778.80 166072.67 40.23
733.2 422073.60 169990.00 40.27
734.6 431370.50 173964.17 40.33
735.9 439305.55 177418.37 40.39
737.2 445588.00 180118.47 40.42
738.6 450288.40 182209.07 40.46
739.9 454713.60 184166.40 40.50
741.2 458902.50 186025.00 40.54
742.5 462674.80 187653.08 40.56
743.9 466459.00 189259.93 40.57
745.2 468774.15 190268.87 40.59
746.5 470061.50 190841.07 40.60
747.8 470569.95 191112.70 40.61
749.1 470388.90 191114.80 40.63
750.4 469887.60 190953.90 40.64
751.8 469106.25 190728.83 40.66
753.1 468080.70 190384.73 40.67
754.4 465309.00 189392.50 40.70
755.7 453936.00 184974.42 40.75
757.0 432001.80 176052.45 40.75
758.3 402341.40 163950.75 40.75
759.6 367694.80 149636.67 40.70
760.9 334763.80 135937.93 40.61
762.2 308858.60 125185.05 40.53
763.5 299196.50 121191.00 40.51
764.8 306379.75 124163.10 40.53
766.1 325084.05 132057.45 40.62
767.4 348910.00 142133.33 40.74
768.7 372963.00 152285.50 40.83
770.0 395045.15 161581.88 40.90
771.3 413253.55 169273.63 40.96
772.6 428401.75 175690.15 41.01
773.9 440994.00 180968.43 41.04
775.2 453435.00 186181.00 41.06
776.5 466621.00 191660.03 41.07
777.7 482527.50 198128.23 41.06
779.0 495157.20 203307.20 41.06
780.3 494647.30 203103.72 41.06
781.6 479944.00 197086.67 41.06
782.9 462039.00 189751.07 41.07
784.1 450165.60 185025.60 41.10
785.4 444576.10 182737.23 41.10
786.7 440966.90 181319.33 41.12
788.0 438242.40 180208.80 41.12
789.2 436628.55 179585.15 41.13
790.5 436024.30 179355.15 41.13
791.8 436257.50 179437.07 41.13
793.0 436690.50 179657.58 41.14
794.3 436661.00 179724.07 41.16
795.6 436176.00 179592.00 41.17
796.9 435702.40 179463.00 41.19
798.1 434812.40 179146.00 41.20
799.4 433744.35 178684.45 41.20
800.6 432076.85 178141.73 41.23
801.9 431113.60 177667.20 41.21
803.1 431296.50 177748.90 41.21
804.4 431139.60 177688.80 41.21
805.6 429395.85 176923.50 41.20
806.9 424872.75 174987.25 41.19
808.2 418633.80 172421.60 41.19
809.4 409642.20 168608.55 41.16
810.7 397839.05 163590.57 41.12
811.9 382949.70 157317.77 41.08
813.1 366990.05 150613.45 41.04
814.4 351429.90 144040.00 40.99
815.6 338314.90 138581.17 40.96
816.9 329626.80 134991.60 40.95
818.1 323265.80 132327.65 40.93
819.4 320229.30 131103.90 40.94
820.6 319338.60 130787.70 40.96
821.8 320001.60 131125.40 40.98
823.1 322611.80 132328.47 41.02
824.3 324069.20 132924.40 41.02
825.5 326068.05 133860.65 41.05
826.8 329245.00 135159.50 41.05
828.0 331500.40 136121.42 41.06
829.2 333165.00 136777.20 41.05
830.4 334456.50 137349.50 41.07
831.6 337392.00 138468.00 41.04
832.9 341596.00 140225.00 41.05
834.1 346782.30 142350.53 41.05
835.3 352116.05 144584.92 41.06
836.5 358303.60 147119.60 41.06
837.8 364371.20 149641.20 41.07
839.0 369716.85 151828.70 41.07
840.2 374368.40 153788.72 41.08
841.4 379040.00 155733.33 41.09
842.6 383325.00 157580.20 41.11
843.8 386894.20 159028.47 41.10
845.0 388989.80 159930.80 41.11
846.2 389128.60 159968.67 41.11
847.4 388175.70 159622.10 41.12
848.6 386084.55 158745.00 41.12
849.8 382907.30 157435.20 41.12
851.0 379086.75 155883.50 41.12
852.2 374906.00 154203.93 41.13
853.4 373721.25 153755.00 41.14
854.6 373953.50 153763.58 41.12
855.8 374904.40 154051.73 41.09
857.0 377785.10 155243.92 41.09
858.2 381709.00 156813.47 41.08
859.4 384753.00 158129.93 41.10
860.6 386691.00 158884.00 41.09
861.8 387254.20 159053.12 41.07
863.0 386405.75 158680.83 41.07
864.1 383851.80 157646.30 41.07
865.3 382610.60 157015.37 41.04
866.5 381568.80 156703.40 41.07
867.7 380858.00 156314.67 41.04
868.9 381364.75 156493.42 41.04
870.0 382517.05 156975.47 41.04
871.2 383295.20 157272.53 41.03
872.4 383926.90 157556.00 41.04
873.6 384026.80 157540.33 41.02
874.7 384256.00 157553.07 41.00
875.9 384912.55 157768.78 40.99
877.1 385284.90 157937.30 40.99
878.2 385119.60 157896.40 41.00
879.4 384764.80 157796.80 41.01
880.6 383223.00 157149.00 41.01
881.7 380375.80 156062.38 41.03
882.9 377028.30 154623.70 41.01
884.0 373543.80 153348.05 41.05
885.2 370704.75 152035.75 41.01
886.4 367668.00 151006.50 41.07
887.5 364436.00 149644.08 41.06
888.7 361163.40 148249.40 41.05
889.8 356767.20 146412.00 41.04
891.0 350528.20 143767.80 41.01
892.1 341881.05 140180.87 41.00
893.3 330485.50 135387.00 40.97
894.4 316457.05 129570.12 40.94
895.5 301888.50 123374.17 40.87
896.7 286770.00 117183.33 40.86
897.8 273935.10 111827.60 40.82
899.0 264762.75 108051.10 40.81
900.1 259840.00 105938.93 40.77
901.2 258640.20 105487.20 40.79
902.4 259521.00 105902.20 40.81
903.5 259974.00 106156.05 40.83
904.6 258782.85 105710.30 40.85
905.8 256510.80 104787.15 40.85
906.9 252667.50 103122.60 40.81
908.0 247563.00 100916.67 40.76
909.2 243041.50 99023.38 40.74
910.3 238939.80 97306.60 40.72
911.4 234952.80 95562.93 40.67
912.5 231968.80 94372.40 40.68
913.6 229053.00 93230.50 40.70
914.8 227145.80 92486.87 40.72
915.9 227033.95 92481.78 40.73
917.0 229591.05 93638.57 40.78
918.1 233516.30 95203.73 40.77
919.2 236806.40 96792.80 40.87
920.3 240663.50 98316.17 40.85
921.5 242953.00 99395.33 40.91
922.6 243405.00 99585.70 40.91
923.7 241555.60 98919.33 40.95
924.8 237242.70 97075.72 40.92
925.9 228186.00 93266.50 40.87
927.0 215555.50 88088.17 40.87
928.1 199453.80 81279.25 40.75
929.2 179707.50 73132.50 40.70
930.3 158445.60 64229.70 40.54
931.4 137673.90 55529.72 40.33
932.5 118942.40 47991.00 40.35
933.5 103550.00 41673.33 40.24
934.6 92568.10 37065.65 40.04
935.7 85770.10 34346.85 40.05
936.8 84801.60 33959.90 40.05
937.9 85795.20 34556.40 40.28
939.0 87119.60 35142.93 40.34
940.1 89760.00 36176.00 40.30
941.1 91885.80 37113.03 40.39
942.2 92067.60 37275.47 40.49
943.3 92169.35 37281.18 40.45
944.4 91827.20 37137.07 40.44
945.4 92123.20 37425.05 40.63
946.5 93294.90 37783.68 40.50
947.6 94218.00 37993.60 40.33
948.7 96042.50 38963.58 40.57
949.7 97491.60 39347.10 40.36
950.8 98616.40 39869.67 40.43
951.9 100467.90 40552.80 40.36
952.9 101900.00 41439.33 40.67
954.0 103999.35 42312.18 40.69
955.0 107459.95 43730.60 40.69
956.1 111486.00 45359.50 40.69
957.1 114000.70 46496.60 40.79
958.2 118018.65 47954.05 40.63
959.2 123015.00 50346.67 40.93
960.3 127794.55 52412.97 41.01
961.4 133159.95 54781.65 41.14
962.4 139314.00 57566.00 41.32
963.4 146830.80 60628.33 41.29
964.5 155177.75 63776.35 41.10
965.5 165839.10 68542.13 41.33
966.6 177097.55 73214.87 41.34
967.6 188701.80 78187.20 41.43
968.6 199997.40 83526.80 41.76
969.7 211355.40 87930.30 41.60
970.7 219581.25 91457.33 41.65
971.7 224371.70 93849.17 41.83
972.8 228244.40 95101.83 41.67
973.8 230255.65 95900.93 41.65
974.8 232171.30 96778.43 41.68
975.8 234243.75 97391.67 41.58
976.9 236278.90 98318.57 41.61
977.9 238644.30 99707.55 41.78
978.9 243436.05 101573.55 41.72
979.9 247377.60 103713.60 41.93
980.9 252068.00 105745.60 41.95
981.9 257742.30 107926.92 41.87
982.9 263369.30 110517.07 41.96
983.9 269115.00 113238.00 42.08
984.9 275138.00 115860.42 42.11
985.9 280498.10 118211.73 42.14
986.9 288090.00 120037.50 41.67
987.9 291202.40 122802.93 42.17
988.9 296593.70 124680.83 42.04
989.9 301061.00 125903.83 41.82
990.9 304016.90 127887.83 42.07
991.9 307697.25 129144.25 41.97
992.9 310896.00 130619.50 42.01
993.9 314667.60 131111.50 41.67
994.9 317427.85 131959.87 41.57
995.9 319454.55 133854.45 41.90
996.8 320598.75 134151.25 41.84
997.8 323642.70 135094.10 41.74
998.8 326144.50 135763.50 41.63
999.8 328652.80 136938.67 41.67
1000.7 327483.30 137506.80 41.99
1001.7 330792.15 138319.40 41.81
1002.6 334182.35 139774.78 41.83
1003.6 335390.40 139746.00 41.67
1004.6 336692.40 140288.50 41.67
1005.5 339828.50 142297.33 41.87
1006.5 346752.90 143699.40 41.44
1007.5 347345.00 144727.08 41.67
1008.4 357148.60 146223.88 40.94
1009.4 357835.70 148370.90 41.46
1010.3 364120.70 150896.87 41.44
1011.2 372650.65 152026.63 40.80
1012.2 379233.00 153800.05 40.56
1013.1 388146.60 160529.77 41.36
1014.0 382267.20 159278.00 41.67
988.9 222874.31 93956.24 42.16
992.7 227656.03 95972.64 42.16
996.6 233923.03 98684.87 42.19
1000.4 237202.49 100149.21 42.22
1004.3 238578.68 100937.13 42.31
1008.1 239581.27 101583.00 42.40
1012.0 242358.75 102990.73 42.50
1015.8 246085.53 104813.43 42.59
1019.6 250850.42 107009.41 42.66
1023.5 256932.14 109667.27 42.68
1027.3 262466.78 112063.00 42.70
1031.2 266481.29 113831.38 42.72
1035.0 268650.59 114760.85 42.72
1038.8 269441.51 115142.67 42.73
1042.7 269650.08 115295.17 42.76
1046.5 269250.08 115114.16 42.75
1050.3 268497.49 114820.80 42.76
1054.2 266940.09 114172.52 42.77
1058.0 264023.22 112944.20 42.78
1061.8 259972.43 111274.71 42.80
1065.6 255471.19 109375.50 42.81
1069.5 250414.43 107262.61 42.83
1073.3 245307.69 105119.78 42.85
1077.1 240398.25 103021.88 42.85
1080.9 235440.49 100910.85 42.86
1084.7 230022.71 98607.90 42.87
1088.5 223396.80 95752.80 42.86
1092.3 215132.33 92175.26 42.85
1096.2 205129.71 87837.63 42.82
1100.0 192565.52 82356.40 42.77
1103.8 176592.70 75476.06 42.74
1107.6 157190.63 67154.06 42.72
1111.4 135211.21 57725.84 42.69
1115.2 112618.39 48019.87 42.64
1119.0 91049.13 38724.88 42.53
1122.8 72840.30 30884.63 42.40
1126.6 60092.33 25369.05 42.22
1130.4 53091.83 22335.48 42.07
1134.2 50369.79 21156.28 42.00
1138.0 50044.58 21020.65 42.00
1141.8 51285.28 21540.78 42.00
1145.6 54130.98 22728.83 41.99
1149.4 59004.20 24828.44 42.08
1153.2 66813.66 28213.28 42.23
1156.9 77803.93 32980.62 42.39
1160.7 91224.66 38846.06 42.58
1164.5 105392.75 45105.41 42.80
1168.3 118463.69 50921.28 42.98
1172.1 129220.19 55760.06 43.15
1175.8 137194.20 59405.78 43.30
1179.6 143026.03 62116.60 43.43
1183.4 147219.19 64113.64 43.55
1187.2 150300.15 65616.03 43.66
1190.9 152546.14 66719.21 43.74
1194.7 154248.11 67570.39 43.81
1198.5 155589.09 68251.30 43.87
1202.2 156537.87 68765.33 43.93
1206.0 157519.20 69299.20 43.99
1209.8 159029.02 70063.41 44.06
1213.5 161271.83 71146.66 44.12
1217.3 164025.28 72463.09 44.18
1221.0 167188.46 73991.31 44.26
1224.8 170422.18 75578.88 44.35
1228.5 173543.27 77168.35 44.47
1232.3 176274.35 78590.79 44.58
1236.0 178385.99 79705.53 44.68
1239.8 179607.58 80426.28 44.78
1243.5 179702.38 80625.53 44.87
1247.3 178566.50 80260.05 44.95
1251.0 175944.91 79215.63 45.02
1254.8 171878.37 77507.82 45.09
1258.5 166985.91 75384.48 45.14
1262.2 162070.00 73245.00 45.19
1266.0 157977.97 71506.31 45.26
1269.7 155183.44 70349.45 45.33
1273.4 153906.21 69880.92 45.40
1277.2 154057.20 70086.23 45.49
1280.9 154702.03 70507.30 45.58
1284.6 154831.29 70687.53 45.65
1288.3 154029.76 70435.68 45.73
1292.1 151821.75 69532.98 45.80
1295.8 148255.73 67985.93 45.86
1299.5 143253.20 65770.55 45.91
1303.2 137175.48 63028.71 45.95
1306.9 130366.54 59919.38 45.96
1310.6 123337.11 56707.66 45.98
1314.3 116034.19 53380.25 46.00
1318.0 108150.75 49786.09 46.03
1321.8 99822.00 45962.09 46.04
1325.5 91208.91 41979.79 46.03
1329.2 82419.10 37916.54 46.00
1332.8 73141.44 33638.86 45.99
1336.5 63377.86 29135.56 45.97
1340.2 53521.81 24599.66 45.96
1343.9 43777.44 20119.16 45.96
1347.6 34272.81 15751.45 45.96
1351.3 25436.91 11703.00 46.01
1355.0 18121.73 8333.01 45.98
1358.7 12757.66 5842.63 45.80
1362.3 9180.00 4191.56 45.66
1366.0 6842.26 3135.04 45.82
1369.7 5309.86 2434.34 45.85
1373.4 4317.68 1994.58 46.20
1377.1 3707.14 1720.33 46.41
1380.7 3337.68 1546.82 46.34
1384.4 3168.88 1458.94 46.04
1388.1 3112.20 1431.30 45.99
1391.7 3125.55 1438.38 46.02
1395.4 3224.00 1476.38 45.79
1399.0 3414.45 1548.86 45.36
1402.7 3671.15 1650.48 44.96
1406.4 3933.38 1762.31 44.80
1410.0 4201.61 1877.23 44.68
1413.7 4508.54 2015.76 44.71
1417.3 4904.33 2191.21 44.68
1421.0 5315.61 2393.55 45.03
1424.6 5714.55 2589.53 45.31
1428.2 6153.31 2805.63 45.60
1431.9 6666.38 3065.00 45.98
1435.5 7247.51 3335.24 46.02
1439.2 8015.96 3704.70 46.22
1442.8 9275.50 4319.89 46.57
1446.4 11146.19 5229.55 46.92
1450.0 13537.63 6404.17 47.31
1453.7 15962.49 7591.46 47.56
1457.3 17930.69 8556.97 47.72
1460.9 19361.28 9271.76 47.89
1464.5 20174.44 9692.83 48.05
1468.1 20546.07 9897.61 48.17
1471.8 20963.25 10118.63 48.27
1475.4 22078.35 10677.98 48.36
1479.0 24445.18 11851.19 48.48
1482.6 28152.65 13719.63 48.73
1486.2 33266.53 16310.36 49.03
1489.8 39372.16 19408.81 49.30
1493.4 46209.16 22884.25 49.52
1497.0 53349.41 26540.38 49.75
1500.6 60392.67 30170.25 49.96
1504.2 66802.73 33490.46 50.13
1507.7 72500.03 36469.33 50.30
1511.3 77682.98 39191.34 50.45
1514.9 82419.35 41690.20 50.58
1518.5 86702.34 43985.74 50.73
1522.1 90339.20 45979.90 50.90
1525.7 93491.09 47721.11 51.04
1529.2 96161.84 49193.73 51.16
1532.8 98340.95 50407.26 51.26
1536.4 100064.13 51378.25 51.35
1539.9 101421.70 52152.51 51.42
1543.5 102420.20 52727.99 51.48
1547.0 103078.20 53129.68 51.54
1550.6 103414.75 53382.92 51.62
1554.2 103452.64 53453.89 51.67
1557.7 103165.84 53349.28 51.71
1561.3 102331.32 52972.34 51.77
1564.8 101064.21 52365.01 51.81
1568.4 99487.03 51620.70 51.89
1571.9 97850.31 50840.84 51.96
1575.5 96510.15 50199.75 52.01
1579.0 95599.24 49778.03 52.07
1582.5 95187.70 49619.60 52.13
1586.0 95048.69 49601.74 52.19
1589.6 94891.10 49553.98 52.22
1593.1 94416.43 49329.15 52.25
1596.6 93761.50 48995.06 52.25
1600.2 92982.49 48613.19 52.28
1603.7 92260.63 48282.57 52.33
1607.2 91725.01 48068.38 52.40
1610.7 91460.23 47998.67 52.48
1614.2 91501.16 48078.69 52.54
1617.7 91740.34 48265.72 52.61
1621.2 91983.08 48457.31 52.68
1624.7 92064.30 48542.77 52.73
1628.2 91799.81 48456.63 52.79
1631.7 91178.48 48193.41 52.86
1635.2 90310.55 47798.87 52.93
1638.7 89342.96 47352.66 53.00
1642.2 88343.90 46887.02 53.07
1645.7 87536.07 46521.23 53.15
1649.2 86823.18 46213.26 53.23
1652.6 86218.26 45941.18 53.28
1656.1 85590.56 45645.26 53.33
1659.6 84992.67 45366.30 53.38
1663.1 84383.27 45085.99 53.43
1666.5 83617.37 44743.22 53.51
1670.0 82804.39 44351.69 53.56
1673.5 82085.48 44000.44 53.60
1676.9 81460.51 43704.49 53.65
1680.4 80784.94 43358.55 53.67
1683.8 80028.11 42966.84 53.69
1687.3 79321.20 42611.54 53.72
1690.7 78556.90 42207.35 53.73
1694.2 77690.33 41764.80 53.76
1697.6 76807.66 41331.09 53.81
1701.1 75849.29 40837.00 53.84
1704.5 74937.33 40374.57 53.88
1707.9 73978.27 39914.20 53.95
1711.4 72902.58 39393.35 54.04
1714.8 71723.73 38803.64 54.10
1718.2 70489.28 38171.88 54.15
1721.6 69132.18 37467.75 54.20
1725.1 67585.16 36666.68 54.25
1728.5 65944.30 35805.11 54.30
1731.9 64317.99 34932.01 54.31
1735.3 62711.11 34061.14 54.31
1738.7 61252.60 33263.83 54.31
1742.1 59849.11 32481.30 54.27
1745.5 58616.38 31819.81 54.28
1748.9 57451.76 31200.26 54.31
1752.3 56146.24 30478.88 54.28
1755.7 54693.69 29686.02 54.28
1759.1 53006.85 28770.40 54.28
1762.5 50927.65 27639.60 54.27
1765.8 48451.43 26285.74 54.25
1769.2 45639.02 24729.85 54.19
1772.6 42569.97 23030.63 54.10
1776.0 39409.05 21301.20 54.05
1779.3 36109.86 19500.98 54.00
1782.7 32678.46 17619.92 53.92
1786.1 29200.96 15715.73 53.82
1789.4 25658.70 13782.09 53.71
1792.8 22015.74 11814.93 53.67
1796.1 18408.89 9856.88 53.54
1799.5 14985.75 7987.69 53.30
1802.8 11944.03 6327.21 52.97
1806.2 9404.53 4964.03 52.78
1809.5 7394.23 3878.86 52.46
1812.9 5815.71 3027.81 52.06
1816.2 4608.22 2390.88 51.88
1819.5 3718.80 1917.51 51.56
1822.9 3072.11 1570.08 51.11
1826.2 2608.81 1328.74 50.93
1829.5 2274.66 1161.74 51.07
1832.8 2050.16 1039.79 50.72
1836.1 1929.99 964.99 50.00
1839.5 1825.14 917.50 50.27
1842.8 1687.02 863.24 51.17
1846.1 1617.96 828.71 51.22
1849.4 1563.71 806.60 51.58
1852.7 1491.09 765.43 51.33
1856.0 1441.80 730.91 50.69
1859.3 1399.99 710.07 50.72
1862.5 1382.95 696.56 50.37
1865.8 1368.95 700.15 51.15
1869.1 1356.25 699.83 51.60
1872.4 1341.00 692.85 51.67
1875.7 1369.88 707.77 51.67
1878.9 1398.62 711.06 50.84
1882.2 1407.90 703.95 50.00
1885.5 1473.87 756.85 51.35
1888.7 1610.54 827.03 51.35
1892.0 1752.18 884.13 50.46
1895.2 1871.35 971.66 51.92
1898.5 2091.70 1086.08 51.92
1901.8 2296.26 1181.57 51.46
1905.0 2479.56 1264.09 50.98
1870.5 6587.88 4138.54 62.82
1873.3 4704.06 2924.14 62.16
1876.1 3340.28 2385.92 71.43
1878.8 2543.33 1889.33 74.29
1881.6 2126.61 1436.15 67.53
1884.4 1601.88 1046.56 65.33
1887.2 1346.16 852.00 63.29
1890.0 1185.75 753.30 63.53
1892.8 984.62 621.25 63.10
1895.5 862.04 517.23 60.00
1898.3 777.58 488.25 62.79
1901.1 750.30 478.21 63.74
1903.8 685.95 419.19 61.11
1906.6 613.32 356.58 58.14
1909.3 608.40 378.56 62.22
1912.1 635.69 395.69 62.24
1914.9 658.88 376.50 57.14
1917.6 614.59 365.10 59.41
1920.4 596.57 354.40 59.41
1923.1 653.79 389.98 59.65
1925.9 693.84 396.48 57.14
1928.6 680.77 403.22 59.23
1931.4 726.35 422.88 58.22
1934.1 834.85 471.67 56.50
1936.8 981.93 540.06 55.00
1939.6 1124.71 608.52 54.10
1942.3 1371.04 736.16 53.69
1945.0 1666.94 882.50 52.94
1947.8 1935.36 1034.24 53.44
1950.5 2282.98 1210.72 53.03
1953.2 2786.00 1462.11 52.48
1955.9 3477.95 1832.37 52.69
1958.7 4427.50 2357.50 53.25
1961.4 5778.30 3093.92 53.54
1964.1 7560.59 4071.30 53.85
1966.8 9701.73 5257.26 54.19
1969.5 12193.25 6656.49 54.59
1972.2 14939.88 8174.80 54.72
1974.9 17766.63 9747.02 54.86
1977.6 20619.05 11348.31 55.04
1980.3 23354.19 12891.91 55.20
1983.0 25738.50 14245.97 55.35
1985.7 27604.26 15301.45 55.43
1988.4 28840.44 16040.01 55.62
1991.1 28969.19 16152.55 55.76
1993.8 28359.29 15824.71 55.80
1996.5 26982.40 15045.85 55.76
1999.1 24729.30 13781.86 55.73
2001.8 22268.88 12424.13 55.79
2004.5 19790.32 11048.38 55.83
2007.2 17577.28 9802.61 55.77
2009.8 15899.52 8856.59 55.70
2012.5 15003.13 8354.49 55.68
2015.2 15014.40 8370.01 55.75
2017.8 15667.50 8770.75 55.98
2020.5 17379.04 9780.97 56.28
2023.2 20077.06 11353.67 56.55
2025.8 22942.40 13026.00 56.78
2028.5 26260.09 14972.38 57.02
2031.2 29677.74 16999.62 57.28
2033.8 32664.40 18776.17 57.48
2036.5 35038.98 20201.40 57.65
2039.1 36743.83 21255.78 57.85
2041.7 37455.45 21722.46 58.00
2044.4 37462.57 21771.20 58.11
2047.0 37159.63 21613.70 58.16
2049.7 36181.95 21033.70 58.13
2052.3 34804.49 20248.11 58.18
2054.9 33285.08 19380.08 58.22
2057.6 31958.23 18607.77 58.23
2060.2 30900.56 18006.30 58.27
2062.8 30161.00 17592.42 58.33
2065.4 29879.99 17421.01 58.30
2068.1 30038.52 17516.68 58.31
2070.7 30538.89 17857.53 58.47
2073.3 31361.48 18374.56 58.59
2075.9 32435.08 18997.76 58.57
2078.5 33597.25 19702.87 58.64
2081.1 34857.09 20494.42 58.80
2083.7 36055.55 21226.19 58.87
2086.3 36940.69 21770.47 58.93
2088.9 37680.96 22226.02 58.98
2091.6 38259.39 22576.43 59.01
2094.1 38634.64 22811.61 59.04
2096.7 38843.88 22943.25 59.07
2099.3 38897.97 22982.00 59.08
2101.9 38979.92 23064.00 59.17
2104.5 39026.19 23117.85 59.24
2107.1 38957.79 23098.93 59.29
2109.7 38931.82 23118.12 59.38
2112.3 38916.10 23127.19 59.43
2114.8 38880.80 23121.50 59.47
2117.4 38872.13 23135.72 59.52
2120.0 38899.39 23162.06 59.54
2122.6 38941.33 23210.67 59.60
2125.1 38948.53 23252.73 59.70
2127.7 39063.17 23359.50 59.80
2130.3 39170.63 23440.63 59.84
2132.8 39172.02 23465.75 59.90
2135.4 39147.35 23484.05 59.99
2137.9 39121.44 23466.30 59.98
2140.5 38950.84 23361.21 59.98
2143.0 38794.17 23267.23 59.98
2145.6 38377.19 23011.56 59.96
2148.1 37884.84 22687.09 59.88
2150.7 37310.87 22320.34 59.82
2153.2 36736.00 21956.87 59.77
2155.8 36087.18 21532.95 59.67
2158.3 35430.66 21103.80 59.56
2160.8 34778.36 20670.21 59.43
2163.4 34238.22 20300.32 59.29
2165.9 33784.29 19971.63 59.12
2168.4 33463.60 19712.32 58.91
2171.0 33178.46 19486.36 58.73
2173.5 32925.60 19265.78 58.51
2176.0 32713.23 19049.95 58.23
2178.5 32528.07 18849.53 57.95
2181.1 32274.77 18610.41 57.66
2183.6 31959.90 18335.70 57.37
2186.1 31697.19 18099.16 57.10
2188.6 31407.76 17815.13 56.72
2191.1 31072.71 17493.13 56.30
2193.6 30807.29 17233.13 55.94
2196.1 30621.76 17008.16 55.54
2198.6 30502.77 16831.09 55.18
2201.1 30416.53 16708.87 54.93
2203.6 30309.13 16595.31 54.75
2206.1 30206.82 16445.66 54.44
2208.6 30238.04 16390.92 54.21
2211.1 30332.31 16423.98 54.15
2213.6 30423.51 16462.32 54.11
2216.0 30620.52 16589.61 54.18
2218.5 30662.80 16632.00 54.24
2221.0 30672.62 16656.23 54.30
2223.5 30656.67 16682.67 54.42
2225.9 30600.45 16698.15 54.57
2228.4 30635.83 16786.79 54.79
2230.9 30594.72 16804.90 54.93
2233.3 30314.61 16677.06 55.01
2235.8 30119.40 16611.83 55.15
2238.3 30015.44 16578.80 55.23
2240.7 29750.79 16435.04 55.24
2243.2 29463.75 16284.36 55.27
2245.7 29202.06 16159.74 55.34
2248.1 28886.87 15983.15 55.33
2250.6 28577.89 15789.96 55.25
2253.0 28286.13 15628.80 55.25
2255.4 27896.91 15417.18 55.26
2257.9 27521.03 15205.04 55.25
2260.3 27171.84 15042.40 55.36
2262.8 26808.72 14871.04 55.47
2265.2 26527.86 14739.02 55.56
2267.6 26278.18 14637.00 55.70
2270.1 26032.57 14531.82 55.82
2272.5 25870.81 14474.84 55.95
2274.9 25689.75 14405.97 56.08
2277.3 25483.79 14309.92 56.15
2279.8 25302.29 14221.55 56.21
2282.2 25128.95 14136.75 56.26
2284.6 24940.68 14057.53 56.36
2287.0 24723.19 13928.78 56.34
2289.4 24426.58 13734.90 56.23
2291.8 24124.62 13564.80 56.23
2294.3 23917.96 13428.35 56.14
2296.7 23755.21 13316.20 56.06
2299.1 23574.95 13191.55 55.96
2301.5 23507.94 13113.80 55.78
2303.9 23453.28 13071.89 55.74
2306.3 23402.80 13015.04 55.61
2308.7 23130.28 12799.77 55.34
2311.0 22929.86 12646.73 55.15
2313.4 22825.76 12558.14 55.02
2315.8 22463.12 12323.84 54.86
2318.2 22019.65 12024.68 54.61
2320.6 21452.42 11695.79 54.52
2323.0 21156.99 11505.66 54.38
2325.3 21176.56 11448.07 54.06
2327.7 21069.80 11349.20 53.86
2330.1 20865.83 11218.15 53.76
2332.5 20687.92 11087.08 53.59
2334.8 20236.07 10811.57 53.43
2337.2 19700.88 10512.64 53.36
2339.6 19125.55 10178.01 53.22
2341.9 18508.44 9826.02 53.09
2344.3 17915.90 9492.01 52.98
2346.6 17197.32 9094.87 52.89
2349.0 16684.52 8809.87 52.80
2351.3 16174.08 8553.87 52.89
2353.7 15849.62 8387.25 52.92
2356.0 15820.08 8372.88 52.93
2358.4 15624.14 8291.85 53.07
2360.7 15456.39 8207.61 53.10
2363.1 15221.50 8092.00 53.16
2365.4 14861.25 7928.57 53.35
2367.7 14399.86 7691.44 53.41
2370.1 13915.74 7441.08 53.47
2372.4 13454.47 7187.51 53.42
2374.7 12871.27 6880.68 53.46
2377.0 12463.00 6677.00 53.57
2379.3 12137.03 6500.68 53.56
2381.7 11787.58 6321.04 53.62
2384.0 11469.90 6151.17 53.63
2386.3 11255.64 6024.35 53.52
2388.6 11184.93 5986.57 53.52
2390.9 11163.48 6005.29 53.79
2393.2 11201.29 6027.96 53.81
2395.5 11214.90 6024.38 53.72
2397.8 11106.26 5990.67 53.94
2400.2 10922.49 5909.59 54.10
2402.4 10741.30 5797.82 53.98
2404.7 10443.64 5633.09 53.94
2407.0 10040.03 5400.71 53.79
2409.3 9572.01 5151.09 53.81
2411.6 9068.05 4856.16 53.55
2413.9 8595.29 4576.55 53.24
2416.2 8276.79 4420.04 53.40
2418.5 8118.87 4329.51 53.33
2420.8 8039.62 4267.12 53.08
2423.0 8049.67 4265.57 52.99
2425.3 8245.29 4365.65 52.95
2427.6 8389.39 4444.48 52.98
2429.8 8362.75 4444.75 53.15
2432.1 8238.08 4376.34 53.12
2434.4 8200.68 4351.20 53.06
2436.6 8157.75 4326.96 53.04
2438.9 7893.82 4170.32 52.83
2441.2 7502.95 3953.95 52.70
2443.4 7125.09 3768.87 52.90
2445.7 6764.43 3569.73 52.77
2447.9 6349.07 3330.81 52.46
2450.2 5892.21 3094.47 52.52
2452.4 5623.19 2947.07 52.41
2454.7 5557.41 2900.98 52.20
2456.9 5512.56 2875.06 52.15
2459.1 5472.79 2856.65 52.20
2461.4 5466.64 2862.06 52.36
2463.6 5419.58 2832.17 52.26
2465.8 5177.96 2697.59 52.10
2468.1 4797.13 2485.32 51.81
2470.3 4451.20 2340.00 52.57
2472.5 4131.40 2187.52 52.95
2474.8 3779.54 1975.18 52.26
2477.0 3388.57 1747.90 51.58
2479.2 2981.92 1545.18 51.82
2481.4 2598.36 1365.24 52.54
2483.6 2188.01 1149.54 52.54
2485.8 1844.05 958.46 51.98
2488.0 1562.02 829.64 53.11
2490.2 1283.34 697.34 54.34
2492.4 1118.60 589.05 52.66
2494.7 1009.52 525.92 52.10
2496.8 930.92 524.03 56.29
2499.0 884.57 505.47 57.14
2501.2 850.63 422.07 49.62
2503.4 823.69 441.98 53.66
2505.6 794.63 489.00 61.54
