/*** Spectra Vista SIG Data ***/
name= \My Documents\varunmtech14\grassland-aheadAambag.
instrument= HR: 1031044
integration= 10, 19.2, 30, 50, 38.4, 30
scan time= 1, 1
scan settings= AD, AI, AD, AI
external data set1= 8224, 8224, 8224, 8224, 8224, 8224, 8224, 8224, 8224, 8224, 8224, 8224, 8224, 8224, 8224, 8224
external data set2= 8224, 8224, 8224, 8224, 8224, 8224, 8224, 8224, 8224, 8224, 8224, 8224, 8224, 8224, 8224, 8224
external data dark= 0,0,0,0,0,0,0,0
external data mask= 0
optic= LENS 4, LENS 4
temp= 43.78, 9.08, -4.97, 44.26, 9.01, -5.03
battery= 7.5, 7.5
error= 0, 0
units= Radiance, Radiance
time= 4/28/15 03:28:04 PM, 4/28/15 03:28:47 PM
longitude= , 
latitude= , 
gpstime= , 
comm= 
memory slot= 0, 0
factors= 
data= 
341.6 105520.50 3077.01 2.92
343.1 109838.45 3149.72 2.87
344.7 113261.35 3227.13 2.85
346.3 116580.80 3241.66 2.78
347.9 121173.00 3341.22 2.76
349.5 129491.60 3475.22 2.68
351.1 141501.00 3772.35 2.67
352.6 151702.65 4080.89 2.69
354.2 159702.00 4300.00 2.69
355.8 163946.85 4421.84 2.70
357.4 165651.50 4429.28 2.67
358.9 163205.20 4351.01 2.67
360.5 163268.60 4310.67 2.64
362.1 169646.40 4443.12 2.62
363.6 180414.75 4673.35 2.59
365.2 196648.00 5083.52 2.59
366.8 218671.00 5652.50 2.58
368.3 236887.35 6145.05 2.59
369.9 245029.20 6342.57 2.59
371.5 246177.95 6408.50 2.60
373.0 243551.75 6322.55 2.60
374.6 239123.00 6191.80 2.59
376.1 236052.60 6136.76 2.60
377.7 233836.20 6135.48 2.62
379.3 234835.20 6264.99 2.67
380.8 248558.30 6701.08 2.70
382.4 266473.35 7259.46 2.72
383.9 270218.10 7425.45 2.75
385.5 263048.80 7293.12 2.77
387.0 258189.40 7310.68 2.83
388.6 264631.50 7593.42 2.87
390.1 267254.40 7791.04 2.92
391.7 262428.40 7736.82 2.95
393.2 252606.40 7585.74 3.00
394.8 254562.00 7729.20 3.04
396.3 271834.80 8335.98 3.07
397.9 303127.70 9464.12 3.12
399.4 345168.00 11005.20 3.19
401.0 393766.20 12859.52 3.27
402.5 436373.00 14601.30 3.35
404.1 469873.80 16024.67 3.41
405.6 486429.50 16936.62 3.48
407.1 492322.85 17518.87 3.56
408.7 490298.90 17917.90 3.65
410.2 481516.20 18154.28 3.77
411.7 469119.00 18262.80 3.89
413.3 461175.00 18583.50 4.03
414.8 459712.95 19128.63 4.16
416.4 465784.00 19987.00 4.29
417.9 476150.00 20989.12 4.41
419.4 492462.00 22227.28 4.51
420.9 514047.00 23707.65 4.61
422.5 536201.25 25213.50 4.70
424.0 548662.80 26270.37 4.79
425.5 546630.00 26695.76 4.88
427.1 531176.00 26456.96 4.98
428.6 510548.30 25868.34 5.07
430.1 490767.90 25335.78 5.16
431.6 477075.90 25085.46 5.26
433.2 472682.25 25359.15 5.36
434.7 476313.75 26169.00 5.49
436.2 486386.00 27255.20 5.60
437.8 502473.65 28551.46 5.68
439.3 520648.00 29958.40 5.75
440.8 543035.25 31510.35 5.80
442.3 568255.60 33270.60 5.85
443.8 594678.30 35160.99 5.91
445.4 620509.95 37012.14 5.96
446.9 642398.80 38597.62 6.01
448.4 659882.35 39961.75 6.06
449.9 669760.00 40959.10 6.12
451.4 671968.00 41514.11 6.18
452.9 666698.40 41605.72 6.24
454.5 658971.00 41504.88 6.30
456.0 649362.90 41273.28 6.36
457.5 641190.00 41164.80 6.42
459.0 635998.65 41247.78 6.49
460.5 631641.70 41327.28 6.54
462.0 628295.85 41501.67 6.61
463.6 628824.00 41914.95 6.67
465.1 638004.90 42836.43 6.71
466.6 661304.00 44541.98 6.74
468.1 687096.00 46303.20 6.74
469.6 696923.50 47005.70 6.74
471.1 697148.40 47200.40 6.77
472.6 699840.00 47639.04 6.81
474.1 706382.25 48340.30 6.84
475.6 711469.55 48922.77 6.88
477.1 710855.75 49103.45 6.91
478.6 705813.20 49009.72 6.94
480.1 697282.50 48749.48 6.99
481.6 681862.50 48090.00 7.05
483.1 661625.25 47054.15 7.11
484.7 641858.70 45941.14 7.16
486.2 626910.70 45090.80 7.19
487.7 617700.10 44648.47 7.23
489.2 617287.10 44888.69 7.27
490.7 626818.50 45945.90 7.33
492.2 643028.70 47533.14 7.39
493.7 661230.40 49181.12 7.44
495.2 677843.75 50693.75 7.48
496.7 690279.00 51974.10 7.53
498.1 698382.35 52946.46 7.58
499.6 702558.00 53626.80 7.63
501.1 703624.05 54066.79 7.68
502.6 702140.70 54395.93 7.75
504.1 698183.20 54633.92 7.83
505.6 692685.00 54908.28 7.93
507.1 687166.75 55283.71 8.05
508.6 679575.00 55567.50 8.18
510.1 669097.60 55693.12 8.32
511.6 658280.45 55801.59 8.48
513.1 644595.00 55699.00 8.64
514.6 632384.50 55671.66 8.80
516.1 620989.10 55667.58 8.96
517.5 609704.55 55705.65 9.14
519.0 602697.60 56212.20 9.33
520.5 601722.40 57362.71 9.53
522.0 608468.70 59414.74 9.76
523.5 619135.65 61803.00 9.98
525.0 631297.80 64224.09 10.17
526.5 645380.00 66786.25 10.35
528.0 660505.00 69431.20 10.51
529.4 674843.00 71955.60 10.66
530.9 688555.70 74482.32 10.82
532.4 700161.00 76784.40 10.97
533.9 707296.75 78501.00 11.10
535.4 708908.90 79586.99 11.23
536.8 704452.00 80030.96 11.36
538.3 695942.10 79983.98 11.49
539.8 685815.35 79669.70 11.62
541.3 673842.60 79077.96 11.74
542.8 663409.70 78661.90 11.86
544.2 654399.20 78406.30 11.98
545.7 647935.60 78428.87 12.10
547.2 642415.60 78530.08 12.22
548.6 637518.00 78619.05 12.33
550.1 633351.50 78776.30 12.44
551.6 632039.80 79199.12 12.53
553.1 630953.60 79634.24 12.62
554.5 630309.75 80058.30 12.70
556.0 630980.00 80556.00 12.77
557.5 632838.75 81102.15 12.82
558.9 636595.30 81773.17 12.85
560.4 641916.60 82558.32 12.86
561.9 650047.70 83630.82 12.87
563.3 658103.20 84685.64 12.87
564.8 665956.80 85617.72 12.86
566.3 670742.40 86079.89 12.83
567.7 671320.65 85931.43 12.80
569.2 670525.20 85554.72 12.76
570.6 667352.00 84877.08 12.72
572.1 663412.75 84105.45 12.68
573.6 659425.80 83366.58 12.64
575.0 655241.80 82663.08 12.62
576.5 650911.20 81910.76 12.58
577.9 647263.50 81235.83 12.55
579.4 643484.25 80573.17 12.52
580.9 639982.30 80014.28 12.50
582.3 636794.20 79603.80 12.50
583.8 632185.65 79077.42 12.51
585.2 623929.20 78202.56 12.53
586.7 612850.00 76914.80 12.55
588.1 599507.20 75249.54 12.55
589.6 588369.00 73788.00 12.54
591.0 579497.70 72611.76 12.53
592.5 574902.00 72065.70 12.54
593.9 573374.90 72065.42 12.57
595.4 575749.60 72626.56 12.61
596.8 579970.40 73362.08 12.65
598.2 583895.60 74036.02 12.68
599.7 589231.25 74876.50 12.71
601.1 597223.85 76037.06 12.73
602.6 605280.00 77155.74 12.75
604.0 614851.20 78428.16 12.76
605.5 623513.00 79593.80 12.77
606.9 631578.80 80648.52 12.77
608.3 637730.70 81367.08 12.76
609.8 642690.00 81911.34 12.75
611.2 646662.75 82301.90 12.73
612.6 648681.00 82393.74 12.70
614.1 651624.30 82570.32 12.67
615.5 652883.70 82529.16 12.64
616.9 652875.15 82318.86 12.61
618.4 648578.55 81657.69 12.59
619.8 636804.00 80207.55 12.60
621.2 621563.80 78483.56 12.63
622.7 606093.20 76788.56 12.67
624.1 593760.70 75476.22 12.71
625.5 583081.50 74339.97 12.75
626.9 575815.35 73577.46 12.78
628.4 570031.20 73010.34 12.81
629.8 565741.45 73072.32 12.92
631.2 565391.20 73771.20 13.05
632.6 567573.50 74449.96 13.12
634.0 567958.80 74378.52 13.10
635.5 568532.00 74332.80 13.07
636.9 568892.25 74239.90 13.05
638.3 569430.00 74275.56 13.04
639.7 569850.75 74221.49 13.02
641.1 571005.05 74153.59 12.99
642.5 570473.70 73806.78 12.94
644.0 569626.05 73350.99 12.88
645.4 568856.55 72822.56 12.80
646.8 565994.70 71998.95 12.72
648.2 564174.60 71336.76 12.64
649.6 563230.00 70802.86 12.57
651.0 562291.20 70364.16 12.51
652.4 561087.15 69990.18 12.47
653.8 560586.45 69708.10 12.43
655.2 559353.20 69250.40 12.38
656.6 556214.40 68572.00 12.33
658.0 556594.50 68661.60 12.34
659.4 561227.25 69446.34 12.37
660.8 567215.50 70440.60 12.42
662.2 576295.25 71762.53 12.45
663.6 584107.20 72601.92 12.43
665.0 589276.80 73082.40 12.40
666.4 590893.20 73114.20 12.37
667.8 589769.10 72870.84 12.36
669.2 585735.80 72289.36 12.34
670.6 580197.80 71550.96 12.33
672.0 574484.40 70887.96 12.34
673.4 568691.75 70247.21 12.35
674.8 564502.80 69852.08 12.37
676.1 560672.00 69592.32 12.41
677.5 557803.05 69484.24 12.46
678.9 555250.25 69449.23 12.51
680.3 552673.60 69463.52 12.57
681.7 549083.75 69471.50 12.65
683.1 539869.80 68935.32 12.77
684.4 527059.80 67891.88 12.88
685.8 513981.00 66786.48 12.99
687.2 500575.20 65736.96 13.13
688.6 489077.75 65052.05 13.30
689.9 480171.50 64933.32 13.52
691.3 475848.80 65691.36 13.81
692.7 475959.60 67248.16 14.13
694.1 478093.00 69238.40 14.48
695.4 480768.00 71454.72 14.86
696.8 483945.00 73858.40 15.26
698.2 488277.20 76614.65 15.69
699.5 493590.10 79527.04 16.11
700.9 501106.80 82879.76 16.54
702.2 510595.00 86708.50 16.98
703.6 520101.40 90777.96 17.45
705.0 526799.00 94694.60 17.98
706.3 528463.65 97911.84 18.53
707.7 525032.90 100332.04 19.11
709.0 518791.20 102253.44 19.71
710.4 512669.00 104227.68 20.33
711.8 507102.00 106228.28 20.95
713.1 500269.00 107761.20 21.54
714.5 489733.20 108191.88 22.09
715.8 475339.20 107475.06 22.61
717.2 460564.80 106475.84 23.12
718.5 446600.70 105724.36 23.67
719.9 433930.20 105337.10 24.28
721.2 425540.70 106070.12 24.93
722.5 421566.90 108078.78 25.64
723.9 419741.10 110719.50 26.38
725.2 417412.80 113107.68 27.10
726.6 414877.65 115281.87 27.79
727.9 413260.40 117637.80 28.47
729.2 415689.20 121222.16 29.16
730.6 421983.30 125912.58 29.84
731.9 430281.60 131233.76 30.50
733.2 440283.00 137099.16 31.14
734.6 450577.00 143037.60 31.75
735.9 459456.20 148505.48 32.32
737.2 466534.90 153248.16 32.85
738.6 472091.95 157325.08 33.33
739.9 477417.60 161230.08 33.77
741.2 482422.50 164944.50 34.19
742.5 486924.55 168402.78 34.58
743.9 491478.40 171799.88 34.96
745.2 494243.75 174497.57 35.31
746.5 495969.60 176755.34 35.64
747.8 496855.95 178542.60 35.93
749.1 497042.10 179939.16 36.20
750.4 496748.25 181083.48 36.45
751.8 496292.25 182037.85 36.68
753.1 495436.70 182757.62 36.89
754.4 492954.00 182864.40 37.10
755.7 481583.25 179683.00 37.31
757.0 457954.65 171548.82 37.46
758.3 426320.10 160040.97 37.54
759.6 389136.00 146400.32 37.62
760.9 353562.00 133116.58 37.65
762.2 325422.15 122471.97 37.63
763.5 314818.00 118663.70 37.69
764.8 322290.35 122189.38 37.91
766.1 342576.45 130786.20 38.18
767.4 368743.75 141716.50 38.43
768.7 395262.50 152800.50 38.66
770.0 419725.75 162923.07 38.82
771.3 439950.60 171207.29 38.92
772.6 456997.50 178020.57 38.95
773.9 470942.10 183528.10 38.97
775.2 484671.00 188841.00 38.96
776.5 499026.90 194387.48 38.95
777.7 516097.40 201100.90 38.97
779.0 529775.10 206629.80 39.00
780.3 529260.20 206712.10 39.06
781.6 513604.00 201021.60 39.14
782.9 494361.90 193963.84 39.24
784.1 481658.40 189475.20 39.34
785.4 475512.10 187549.50 39.44
786.7 471645.10 186389.40 39.52
788.0 468633.60 185496.48 39.58
789.2 466781.55 185060.76 39.65
790.5 466150.10 185033.73 39.69
791.8 466337.20 185312.68 39.74
793.0 466883.50 185700.80 39.77
794.3 466948.40 185946.28 39.82
795.6 466416.00 186062.40 39.89
796.9 465869.80 186157.08 39.96
798.1 464956.80 186012.64 40.01
799.4 463597.20 185759.55 40.07
800.6 462009.65 185380.69 40.12
801.9 461043.20 185245.12 40.18
803.1 461296.20 185575.38 40.23
804.4 461278.80 185869.44 40.29
805.6 459498.00 185425.89 40.35
806.9 454697.25 183782.95 40.42
808.2 447885.90 181430.46 40.51
809.4 438000.75 177707.97 40.57
810.7 424787.00 172617.99 40.64
811.9 408462.95 166179.09 40.68
813.1 390994.85 159231.84 40.72
814.4 374033.10 152422.02 40.75
815.6 359951.80 146716.42 40.76
816.9 350906.40 143161.20 40.80
818.1 344398.60 140731.24 40.86
819.4 340968.90 139580.80 40.94
820.6 340097.25 139534.23 41.03
821.8 341269.60 140417.88 41.15
823.1 344385.65 142076.41 41.26
824.3 346236.80 143009.44 41.30
825.5 348625.20 144058.53 41.32
826.8 351946.00 145753.30 41.41
828.0 354583.60 147091.28 41.48
829.2 356546.40 147997.08 41.51
830.4 357909.00 148728.60 41.55
831.6 361072.80 150179.04 41.59
832.9 365849.00 152391.00 41.65
834.1 371698.90 154956.02 41.69
835.3 377598.65 157646.06 41.75
836.5 384465.20 160752.00 41.81
837.8 391320.80 163762.16 41.85
839.0 397384.35 166510.92 41.90
840.2 402732.05 168926.59 41.95
841.4 408080.00 171344.00 41.99
842.6 413103.30 173585.70 42.02
843.8 417175.00 175482.12 42.06
845.0 419777.30 176662.78 42.08
846.2 419938.40 176978.76 42.14
847.4 419070.30 176763.62 42.18
848.6 416998.05 176056.56 42.22
849.8 413772.00 174810.26 42.25
851.0 409427.25 173110.35 42.28
852.2 405223.00 171500.28 42.32
853.4 404340.00 171171.75 42.33
854.6 404491.00 171481.15 42.39
855.8 405844.40 172185.52 42.43
857.0 409072.95 173705.84 42.46
858.2 413320.70 175731.90 42.52
859.4 416700.00 177477.16 42.59
860.6 419095.80 178584.36 42.61
861.8 419685.30 179004.32 42.65
863.0 418858.75 178667.45 42.66
864.1 416238.05 177715.81 42.70
865.3 414935.30 177318.26 42.73
866.5 414162.00 176979.00 42.73
867.7 413294.00 176744.40 42.76
868.9 413948.00 177118.65 42.79
870.0 415269.45 177925.20 42.85
871.2 416349.60 178652.24 42.91
872.4 417060.00 179104.10 42.94
873.6 417116.20 179346.92 43.00
874.7 417452.80 179627.52 43.03
875.9 418247.50 180033.70 43.04
877.1 418642.90 180338.48 43.08
878.2 418465.00 180460.56 43.12
879.4 418134.50 180466.58 43.16
880.6 416444.85 179921.82 43.20
881.7 413147.50 178703.80 43.25
882.9 409523.40 177261.48 43.28
884.0 405820.05 175898.39 43.34
885.2 402694.50 174771.15 43.40
886.4 399620.10 173591.82 43.44
887.5 395883.30 172196.01 43.50
888.7 392137.20 170815.32 43.56
889.8 386946.00 168792.12 43.62
891.0 379613.30 165619.30 43.63
892.1 369724.50 161400.72 43.65
893.3 356580.50 155771.80 43.68
894.4 340799.90 148941.03 43.70
895.5 324581.00 141789.00 43.68
896.7 307942.00 134521.20 43.68
897.8 294185.25 128484.81 43.67
899.0 284398.65 124221.21 43.68
900.1 279003.20 122027.36 43.74
901.2 278460.00 121768.92 43.73
902.4 279357.00 122454.24 43.83
903.5 279972.00 122954.37 43.92
904.6 278624.55 122682.24 44.03
905.8 276020.55 121740.84 44.11
906.9 271681.80 120012.78 44.17
908.0 265728.00 117467.00 44.21
909.2 261051.05 115191.18 44.13
910.3 256246.60 112918.04 44.07
911.4 251900.80 111036.16 44.08
912.5 248357.90 109644.88 44.15
913.6 245206.50 108355.50 44.19
914.8 243188.20 107593.46 44.24
915.9 243289.80 107800.03 44.31
917.0 246212.20 109224.70 44.36
918.1 250638.40 111257.22 44.39
919.2 254240.00 113100.48 44.49
920.3 258758.50 115156.58 44.50
921.5 261364.00 116675.20 44.64
922.6 261615.30 116942.58 44.70
923.7 259415.20 116033.28 44.73
924.8 254214.40 113493.73 44.64
925.9 243398.40 108732.44 44.67
927.0 229368.50 102252.55 44.58
928.1 211326.05 94137.81 44.55
929.2 189446.25 84378.00 44.54
930.3 166590.00 73854.90 44.33
931.4 144203.15 63613.55 44.11
932.5 124588.40 54653.28 43.87
933.5 108680.00 47386.00 43.60
934.6 97177.30 42289.41 43.52
935.7 90621.35 39236.91 43.30
936.8 90298.00 39181.48 43.39
937.9 91157.40 39799.44 43.66
939.0 92954.40 40722.88 43.81
940.1 95472.00 42064.80 44.06
941.1 97680.40 43335.33 44.36
942.2 97953.20 43721.60 44.64
943.3 97943.30 43710.94 44.63
944.4 97920.00 43345.92 44.27
945.4 98323.80 43581.36 44.32
946.5 99604.70 43762.97 43.94
947.6 100422.60 44029.68 43.84
948.7 102601.50 44976.00 43.84
949.7 102987.45 45448.29 44.13
950.8 104718.90 45988.44 43.92
951.9 106700.40 46968.12 44.02
952.9 108778.25 47842.05 43.98
954.0 110515.60 48897.94 44.25
955.0 114392.85 50343.52 44.01
956.1 118317.25 52026.80 43.97
957.1 121003.20 53219.00 43.98
958.2 125484.55 55362.52 44.12
959.2 131275.00 57820.00 44.04
960.3 136293.95 60102.90 44.10
961.4 142203.60 62806.59 44.17
962.4 149265.00 65933.40 44.17
963.4 157082.50 69447.00 44.21
964.5 166432.40 73530.38 44.18
965.5 178514.70 78940.82 44.22
966.6 190916.25 84512.26 44.27
967.6 203361.90 90216.00 44.36
968.6 216339.60 95874.24 44.32
969.7 227892.75 101240.85 44.42
970.7 236311.25 105231.70 44.53
971.7 242564.00 107940.98 44.50
972.8 245767.10 109539.34 44.57
973.8 248003.55 110597.44 44.60
974.8 249620.50 111287.12 44.58
975.8 252378.75 112034.00 44.39
976.9 254615.40 112952.84 44.36
977.9 257169.20 114418.50 44.49
978.9 262729.35 116554.23 44.36
979.9 267451.20 118906.56 44.46
980.9 272971.20 121484.48 44.50
981.9 279541.40 124767.79 44.63
982.9 284759.70 127406.57 44.74
983.9 292182.00 130852.80 44.78
984.9 300017.50 134056.60 44.68
985.9 305720.00 137115.42 44.85
986.9 312097.50 140043.75 44.87
987.9 318896.00 143167.52 44.89
988.9 322996.70 144864.46 44.85
989.9 326919.00 147575.30 45.14
990.9 332184.60 149580.20 45.03
991.9 335298.00 151088.55 45.06
992.9 338963.00 153073.10 45.16
993.9 343170.10 154369.54 44.98
994.9 345187.70 155696.55 45.10
995.9 347679.45 158059.44 45.46
996.8 349248.00 159344.40 45.63
997.8 352799.70 160946.64 45.62
998.8 354233.50 160731.50 45.37
999.8 357158.40 161978.88 45.35
1000.7 356432.10 163198.86 45.79
1001.7 360152.40 164417.40 45.65
1002.6 363982.05 164749.77 45.26
1003.6 367997.80 165831.92 45.06
1004.6 367300.80 167836.06 45.69
1005.5 370722.00 167948.30 45.30
1006.5 374868.00 168690.60 45.00
1007.5 382079.50 170199.05 44.55
1008.4 376558.85 170033.79 45.15
1009.4 388382.65 174554.00 44.94
1010.3 393644.00 177139.80 45.00
1011.2 400460.40 176870.01 44.17
1012.2 398194.65 175711.29 44.13
1013.1 409710.30 178259.92 43.51
1014.0 406158.90 183169.70 45.10
988.9 238680.58 109351.20 45.81
992.7 243897.97 111999.45 45.92
996.6 250779.91 115654.43 46.12
1000.4 254535.65 117880.61 46.31
1004.3 256453.79 119337.05 46.53
1008.1 258031.31 120612.13 46.74
1012.0 261709.88 122858.51 46.94
1015.8 266465.63 125569.40 47.12
1019.6 272261.91 128670.54 47.26
1023.5 279410.75 132300.34 47.35
1027.3 285879.81 135545.86 47.41
1031.2 290593.78 137986.46 47.48
1035.0 293041.55 139368.54 47.56
1038.8 293875.36 140049.85 47.66
1042.7 294054.40 140501.21 47.78
1046.5 293519.70 140565.54 47.89
1050.3 292591.60 140425.71 47.99
1054.2 290804.21 139804.35 48.08
1058.0 287601.37 138487.19 48.15
1061.8 283128.29 136584.96 48.24
1065.6 278193.56 134423.44 48.32
1069.5 272633.63 132020.53 48.42
1073.3 266988.99 129565.91 48.53
1077.1 261599.25 127178.25 48.62
1080.9 256172.98 124762.75 48.70
1084.7 250196.16 122050.00 48.78
1088.5 242827.20 118588.80 48.84
1092.3 233507.18 114123.00 48.87
1096.2 222135.15 108640.08 48.91
1100.0 208053.53 101777.47 48.92
1103.8 190298.25 93104.76 48.93
1107.6 168682.50 82506.09 48.91
1111.4 144402.26 70460.59 48.79
1115.2 119705.83 58124.42 48.56
1119.0 96380.28 46413.09 48.16
1122.8 76796.88 36616.75 47.68
1126.6 62969.61 29801.29 47.33
1130.4 55365.09 26160.92 47.25
1134.2 52456.90 24851.20 47.37
1138.0 52141.82 24739.04 47.45
1141.8 53528.11 25378.78 47.41
1145.6 56626.04 26726.87 47.20
1149.4 61877.59 29027.11 46.91
1153.2 70153.19 32842.56 46.82
1156.9 81642.04 38279.26 46.89
1160.7 95698.31 44998.73 47.02
1164.5 110721.28 52195.45 47.14
1168.3 124789.31 58910.11 47.21
1172.1 136529.44 64442.50 47.20
1175.8 145280.85 68511.30 47.16
1179.6 151697.18 71422.36 47.08
1183.4 156332.76 73492.75 47.01
1187.2 159617.15 75017.73 47.00
1190.9 161826.44 76109.98 47.03
1194.7 163430.91 76962.13 47.09
1198.5 164768.88 77675.13 47.14
1202.2 165746.59 78217.20 47.19
1206.0 166774.16 78852.05 47.28
1209.8 168368.09 79825.13 47.41
1213.5 170715.54 81182.50 47.55
1217.3 173680.33 82831.46 47.69
1221.0 177180.28 84740.99 47.83
1224.8 180823.58 86699.84 47.95
1228.5 184381.05 88610.98 48.06
1232.3 187536.21 90337.14 48.17
1236.0 190005.30 91699.02 48.26
1239.8 191458.02 92595.01 48.36
1243.5 191641.47 92931.30 48.49
1247.3 190431.16 92643.11 48.65
1251.0 187536.25 91547.26 48.82
1254.8 182991.57 89590.53 48.96
1258.5 177440.45 87076.55 49.07
1262.2 171921.50 84550.00 49.18
1266.0 167440.66 82511.63 49.28
1269.7 164443.13 81194.26 49.38
1273.4 163115.21 80707.47 49.48
1277.2 163386.30 81030.68 49.59
1280.9 164231.14 81585.68 49.68
1284.6 164561.06 81782.48 49.70
1288.3 163843.70 81390.78 49.68
1292.1 161475.26 80113.70 49.61
1295.8 157502.95 77983.73 49.51
1299.5 151944.19 75007.37 49.37
1303.2 145176.48 71383.92 49.17
1306.9 137568.88 67352.20 48.96
1310.6 129774.86 63218.84 48.71
1314.3 121834.28 58990.51 48.42
1318.0 113286.71 54526.67 48.13
1321.8 104163.81 49780.03 47.79
1325.5 94770.40 44881.89 47.36
1329.2 85414.88 40028.45 46.86
1332.8 75646.71 35054.37 46.34
1336.5 65258.08 29924.78 45.86
1340.2 54725.94 24846.66 45.40
1343.9 44400.63 19930.66 44.89
1347.6 34519.71 15242.22 44.16
1351.3 25483.59 11022.14 43.25
1355.0 17995.83 7613.02 42.30
1358.7 12447.86 5159.47 41.45
1362.3 8781.56 3597.89 40.97
1366.0 6468.76 2646.31 40.91
1369.7 5026.24 2060.13 40.99
1373.4 4169.06 1709.08 40.99
1377.1 3667.95 1496.96 40.81
1380.7 3361.29 1353.96 40.28
1384.4 3215.94 1270.69 39.51
1388.1 3182.40 1228.50 38.60
1391.7 3195.53 1197.35 37.47
1395.4 3293.75 1189.63 36.12
1399.0 3491.70 1208.96 34.62
1402.7 3763.70 1245.57 33.09
1406.4 4049.06 1291.84 31.90
1410.0 4332.67 1349.14 31.14
1413.7 4631.64 1419.50 30.65
1417.3 5019.45 1511.98 30.12
1421.0 5438.16 1604.64 29.51
1424.6 5836.95 1690.65 28.96
1428.2 6244.92 1786.44 28.61
1431.9 6704.69 1896.47 28.29
1435.5 7232.13 2008.07 27.77
1439.2 7954.54 2165.23 27.22
1442.8 9145.29 2431.85 26.59
1446.4 10909.52 2855.26 26.17
1450.0 13195.77 3422.39 25.94
1453.7 15470.53 3988.73 25.78
1457.3 17265.19 4458.09 25.82
1460.9 18467.80 4777.85 25.87
1464.5 19097.46 4918.47 25.75
1468.1 19362.91 4948.80 25.56
1471.8 19602.00 5017.72 25.60
1475.4 20415.33 5290.08 25.91
1479.0 22321.80 5856.19 26.24
1482.6 25509.35 6773.46 26.55
1486.2 30067.54 8110.13 26.97
1489.8 35550.35 9749.37 27.42
1493.4 41660.69 11610.17 27.87
1497.0 48051.04 13563.09 28.23
1500.6 54452.53 15524.86 28.51
1504.2 60350.40 17374.50 28.79
1507.7 65593.49 19065.45 29.07
1511.3 70321.11 20663.85 29.38
1514.9 74641.55 22186.10 29.72
1518.5 78567.97 23620.12 30.06
1522.1 81925.40 24919.50 30.42
1525.7 84900.18 26121.42 30.77
1529.2 87429.97 27208.27 31.12
1532.8 89538.62 28171.16 31.46
1536.4 91280.44 29017.41 31.79
1539.9 92697.41 29769.59 32.11
1543.5 93796.52 30443.32 32.46
1547.0 94615.00 31025.53 32.79
1550.6 95185.96 31515.18 33.11
1554.2 95475.23 31898.46 33.41
1557.7 95428.22 32160.44 33.70
1561.3 94835.83 32236.57 33.99
1564.8 93807.39 32131.97 34.25
1568.4 92502.85 31908.39 34.49
1571.9 91186.73 31668.94 34.73
1575.5 90193.73 31544.44 34.97
1579.0 89614.83 31582.70 35.24
1582.5 89514.06 31802.85 35.53
1586.0 89687.16 32123.33 35.82
1589.6 89809.42 32407.16 36.08
1593.1 89580.69 32558.32 36.35
1596.6 89143.51 32617.94 36.59
1600.2 88574.48 32610.70 36.82
1603.7 88065.90 32609.16 37.03
1607.2 87754.43 32702.10 37.27
1610.7 87649.06 32884.18 37.52
1614.2 87795.18 33167.68 37.78
1617.7 88137.05 33529.71 38.04
1621.2 88486.91 33859.17 38.26
1624.7 88644.38 34110.70 38.48
1628.2 88439.31 34214.90 38.69
1631.7 87870.69 34157.56 38.87
1635.2 87109.14 33974.59 39.00
1638.7 86243.99 33743.94 39.13
1642.2 85330.78 33507.64 39.27
1645.7 84631.06 33329.68 39.38
1649.2 84050.30 33179.91 39.48
1652.6 83572.26 33041.93 39.54
1656.1 83043.42 32872.22 39.58
1659.6 82555.28 32676.05 39.58
1663.1 82036.04 32460.24 39.57
1666.5 81378.74 32200.19 39.57
1670.0 80678.40 31898.26 39.54
1673.5 80071.73 31611.68 39.48
1676.9 79567.05 31355.13 39.41
1680.4 78997.73 31066.29 39.33
1683.8 78337.20 30735.07 39.23
1687.3 77677.11 30403.09 39.14
1690.7 76970.06 30019.08 39.00
1694.2 76181.78 29594.70 38.85
1697.6 75358.94 29157.60 38.69
1701.1 74405.93 28670.88 38.53
1704.5 73507.91 28207.42 38.37
1707.9 72644.79 27757.98 38.21
1711.4 71673.83 27274.65 38.05
1714.8 70524.42 26728.02 37.90
1718.2 69320.13 26153.19 37.73
1721.6 68029.29 25550.37 37.56
1725.1 66489.85 24872.36 37.41
1728.5 64855.04 24161.42 37.25
1731.9 63284.74 23477.88 37.10
1735.3 61701.49 22813.70 36.97
1738.7 60277.38 22199.53 36.83
1742.1 58929.03 21621.76 36.69
1745.5 57776.22 21114.45 36.55
1748.9 56644.71 20588.80 36.35
1752.3 55345.81 20019.83 36.17
1755.7 53899.09 19414.21 36.02
1759.1 52171.88 18687.97 35.82
1762.5 50051.93 17830.55 35.62
1765.8 47525.78 16838.66 35.43
1769.2 44629.27 15719.40 35.22
1772.6 41494.33 14539.42 35.04
1776.0 38301.90 13340.70 34.83
1779.3 34998.93 12133.02 34.67
1782.7 31605.82 10915.94 34.54
1786.1 28122.89 9670.15 34.39
1789.4 24556.50 8415.90 34.27
1792.8 20992.85 7150.89 34.06
1796.1 17432.59 5900.04 33.84
1799.5 14080.95 4750.20 33.73
1802.8 11138.93 3731.92 33.50
1806.2 8690.62 2907.98 33.46
1809.5 6791.59 2271.84 33.45
1812.9 5297.48 1780.22 33.61
1816.2 4193.67 1426.81 34.02
1819.5 3408.90 1176.65 34.52
1822.9 2838.79 1011.08 35.62
1826.2 2453.06 890.70 36.31
1829.5 2177.04 805.41 37.00
1832.8 1981.49 750.42 37.87
1836.1 1880.75 723.75 38.48
1839.5 1795.54 690.59 38.46
1842.8 1667.29 636.33 38.17
1846.1 1588.37 616.60 38.82
1849.4 1563.71 603.71 38.61
1852.7 1471.21 571.59 38.85
1856.0 1401.75 555.69 39.64
1859.3 1379.85 543.88 39.42
1862.5 1352.44 528.78 39.10
1865.8 1358.50 522.50 38.46
1869.1 1345.40 515.38 38.31
1872.4 1318.65 508.46 38.56
1875.7 1358.46 519.41 38.24
1878.9 1386.87 528.89 38.14
1882.2 1370.85 537.23 39.19
1885.5 1434.04 557.68 38.89
1888.7 1567.01 609.39 38.89
1892.0 1687.88 651.04 38.57
1895.2 1853.36 710.75 38.35
1898.5 2091.70 804.50 38.46
1901.8 2296.26 858.31 37.38
1905.0 2479.56 923.76 37.25
1870.5 6503.42 1182.44 18.18
1873.3 4513.35 699.25 15.49
1876.1 3340.28 429.47 12.86
1878.8 2543.33 254.33 10.00
1881.6 2043.76 331.42 16.22
1884.4 1580.52 234.94 14.86
1887.2 1260.96 187.44 14.86
1890.0 1143.90 237.15 20.73
1892.8 926.01 164.10 17.72
1895.5 801.19 111.56 13.92
1898.3 768.54 126.58 16.47
1901.1 692.58 123.68 17.86
1903.8 640.22 76.22 11.90
1906.6 570.53 78.45 13.75
1909.3 561.08 94.64 16.87
1912.1 596.77 77.84 13.04
1914.9 608.68 81.58 13.40
1917.6 584.16 66.94 11.46
1920.4 561.13 88.60 15.79
1923.1 567.77 114.70 20.20
1925.9 594.72 99.12 16.67
1928.6 617.93 68.08 11.02
1931.4 641.78 59.70 9.30
1934.1 716.93 122.63 17.11
1936.8 839.11 142.83 17.02
1939.6 998.81 163.67 16.39
1942.3 1195.77 202.54 16.94
1945.0 1369.14 225.16 16.45
1947.8 1583.79 259.41 16.38
1950.5 1874.04 312.34 16.67
1953.2 2239.25 383.96 17.15
1955.9 2757.45 474.40 17.20
1958.7 3562.13 612.38 17.19
1961.4 4703.99 830.28 17.65
1964.1 6181.43 1108.85 17.94
1966.8 7981.03 1465.18 18.36
1969.5 10074.91 1908.39 18.94
1972.2 12374.55 2396.80 19.37
1974.9 14777.57 2895.89 19.60
1977.6 17201.56 3377.69 19.64
1980.3 19500.64 3845.61 19.72
1983.0 21535.59 4253.16 19.75
1985.7 23140.57 4574.36 19.77
1988.4 24187.65 4805.42 19.87
1991.1 24234.10 4816.78 19.88
1993.8 23601.62 4681.40 19.84
1996.5 22326.36 4392.55 19.67
1999.1 20397.25 3970.82 19.47
2001.8 18328.88 3506.60 19.13
2004.5 16194.70 3022.94 18.67
2007.2 14274.03 2613.33 18.31
2009.8 12794.88 2338.93 18.28
2012.5 12000.94 2264.03 18.87
2015.2 12029.77 2382.49 19.80
2017.8 12673.82 2575.77 20.32
2020.5 14191.48 2945.60 20.76
2023.2 16544.00 3514.85 21.25
2025.8 19086.60 4115.80 21.56
2028.5 21967.80 4803.83 21.87
2031.2 24920.22 5487.66 22.02
2033.8 27493.03 6057.74 22.03
2036.5 29559.06 6493.86 21.97
2039.1 31071.50 6791.33 21.86
2041.7 31687.72 6873.84 21.69
2044.4 31658.98 6813.02 21.52
2047.0 31341.15 6684.57 21.33
2049.7 30455.01 6437.69 21.14
2052.3 29300.00 6153.44 21.00
2054.9 28020.88 5837.68 20.83
2057.6 26873.32 5571.27 20.73
2060.2 25996.28 5383.94 20.71
2062.8 25390.26 5279.52 20.79
2065.4 25197.92 5283.06 20.97
2068.1 25437.40 5357.68 21.06
2070.7 25973.19 5496.80 21.16
2073.3 26814.77 5711.67 21.30
2075.9 27856.34 5946.95 21.35
2078.5 28972.68 6188.49 21.36
2081.1 30195.50 6478.60 21.46
2083.7 31345.23 6761.55 21.57
2086.3 32224.75 6941.91 21.54
2088.9 32977.96 7107.56 21.55
2091.6 33574.93 7242.67 21.57
2094.1 33990.22 7321.61 21.54
2096.7 34262.95 7395.40 21.58
2099.3 34418.78 7437.78 21.61
2101.9 34608.92 7483.92 21.62
2104.5 34766.96 7539.33 21.69
2107.1 34847.57 7568.59 21.72
2109.7 34951.13 7621.22 21.81
2112.3 35042.46 7679.54 21.91
2114.8 35144.68 7700.18 21.91
2117.4 35266.25 7745.37 21.96
2120.0 35409.00 7812.84 22.06
2122.6 35573.33 7872.00 22.13
2125.1 35719.80 7918.96 22.17
2127.7 35951.63 8009.98 22.28
2130.3 36167.08 8097.92 22.39
2132.8 36310.41 8150.43 22.45
2135.4 36416.90 8207.70 22.54
2137.9 36473.96 8237.82 22.59
2140.5 36404.92 8241.44 22.64
2143.0 36333.22 8258.67 22.73
2145.6 36006.10 8205.93 22.79
2148.1 35614.76 8124.64 22.81
2150.7 35152.96 8049.11 22.90
2153.2 34691.47 7962.20 22.95
2155.8 34122.45 7828.93 22.94
2158.3 33555.43 7724.09 23.02
2160.8 33014.16 7614.05 23.06
2163.4 32587.50 7534.95 23.12
2165.9 32222.36 7465.50 23.17
2168.4 31959.89 7419.02 23.21
2171.0 31763.52 7392.12 23.27
2173.5 31602.12 7349.08 23.26
2176.0 31436.59 7336.64 23.34
2178.5 31277.20 7343.13 23.48
2181.1 31100.99 7307.09 23.49
2183.6 30896.10 7254.90 23.48
2186.1 30723.39 7238.58 23.56
2188.6 30474.53 7176.37 23.55
2191.1 30173.54 7098.54 23.53
2193.6 29929.79 7052.50 23.56
2196.1 29756.80 7036.64 23.65
2198.6 29673.35 7066.38 23.81
2201.1 29645.73 7071.13 23.85
2203.6 29596.29 7065.28 23.87
2206.1 29548.77 7032.01 23.80
2208.6 29629.74 7050.75 23.80
2211.1 29771.42 7086.05 23.80
2213.6 29902.09 7121.40 23.82
2216.0 30117.72 7209.59 23.94
2218.5 30200.80 7193.20 23.82
2221.0 30245.75 7192.14 23.78
2223.5 30248.67 7196.67 23.79
2225.9 30218.55 7147.80 23.65
2228.4 30265.76 7150.83 23.63
2230.9 30213.89 7132.56 23.61
2233.3 29943.30 7000.11 23.38
2235.8 29770.32 6909.58 23.21
2238.3 29679.81 6851.41 23.08
2240.7 29425.80 6731.87 22.88
2243.2 29132.01 6605.70 22.68
2245.7 28877.75 6486.10 22.46
2248.1 28561.64 6340.52 22.20
2250.6 28229.02 6200.48 21.96
2253.0 27934.13 6080.80 21.77
2255.4 27555.49 5913.16 21.46
2257.9 27164.68 5766.31 21.23
2260.3 26806.25 5654.90 21.10
2262.8 26438.72 5526.32 20.90
2265.2 26139.44 5417.06 20.72
2267.6 25876.55 5310.38 20.52
2270.1 25626.83 5199.95 20.29
2272.5 25439.53 5136.43 20.19
2274.9 25254.02 5081.46 20.12
2277.3 25043.11 4977.23 19.87
2279.8 24859.67 4905.24 19.73
2282.2 24668.40 4855.60 19.68
2284.6 24437.20 4792.27 19.61
2287.0 24198.74 4723.14 19.52
2289.4 23869.60 4614.60 19.33
2291.8 23540.58 4515.32 19.18
2294.3 23301.11 4453.97 19.11
2296.7 23094.19 4374.87 18.94
2299.1 22876.93 4291.03 18.76
2301.5 22787.65 4250.68 18.65
2303.9 22744.05 4216.32 18.54
2306.3 22677.92 4159.04 18.34
2308.7 22375.60 4044.82 18.08
2311.0 22134.26 3997.89 18.06
2313.4 21975.09 3985.24 18.14
2315.8 21593.28 3901.00 18.07
2318.2 21168.37 3775.66 17.84
2320.6 20624.73 3651.98 17.71
2323.0 20295.93 3586.62 17.67
2325.3 20259.23 3577.95 17.66
2327.7 20128.00 3542.80 17.60
2330.1 19901.75 3491.83 17.55
2332.5 19669.75 3481.58 17.70
2334.8 19216.37 3371.53 17.55
2337.2 18706.72 3257.68 17.41
2339.6 18139.81 3146.81 17.35
2341.9 17523.76 3016.22 17.21
2344.3 16892.73 2913.97 17.25
2346.6 16163.26 2734.36 16.92
2349.0 15662.38 2621.41 16.74
2351.3 15205.32 2548.26 16.76
2353.7 14914.18 2486.28 16.67
2356.0 14845.68 2484.72 16.74
2358.4 14643.72 2444.10 16.69
2360.7 14487.10 2423.23 16.73
2363.1 14266.00 2376.50 16.66
2365.4 13896.92 2314.40 16.65
2367.7 13430.95 2244.36 16.71
2370.1 12988.26 2155.86 16.60
2372.4 12555.58 2064.92 16.45
2374.7 11992.25 1935.31 16.14
2377.0 11572.00 1844.33 15.94
2379.3 11200.06 1801.31 16.08
2381.7 10871.01 1752.80 16.12
2384.0 10596.95 1694.33 15.99
2386.3 10414.16 1653.16 15.87
2388.6 10377.97 1625.19 15.66
2390.9 10369.33 1629.90 15.72
2393.2 10407.43 1625.69 15.62
2395.5 10453.73 1614.15 15.44
2397.8 10331.40 1607.54 15.56
2400.2 10157.22 1561.46 15.37
2402.4 9995.70 1533.92 15.35
2404.7 9695.16 1496.96 15.44
2407.0 9306.26 1416.26 15.22
2409.3 8825.88 1320.69 14.96
2411.6 8315.07 1216.05 14.62
2413.9 7862.39 1148.21 14.60
2416.2 7610.70 1093.70 14.37
2418.5 7474.85 1051.22 14.06
2420.8 7398.29 1031.15 13.94
2423.0 7441.51 1009.38 13.56
2425.3 7610.05 1057.31 13.89
2427.6 7747.69 1059.44 13.67
2429.8 7740.23 1057.86 13.67
2432.1 7661.90 1042.41 13.61
2434.4 7672.32 1034.52 13.48
2436.6 7612.41 1032.57 13.56
2438.9 7338.68 974.88 13.28
2441.2 6929.65 887.25 12.80
2443.4 6542.80 811.55 12.40
2445.7 6218.09 768.58 12.36
2447.9 5821.92 713.75 12.26
2450.2 5421.21 682.95 12.60
2452.4 5200.15 632.19 12.16
2454.7 5101.88 565.81 11.09
2456.9 5071.36 528.47 10.42
2459.1 5070.31 544.83 10.75
2461.4 5035.85 554.59 11.01
2463.6 4995.00 569.43 11.40
2465.8 4768.77 530.43 11.12
2468.1 4404.18 464.40 10.54
2470.3 4123.60 447.20 10.84
2472.5 3813.60 391.95 10.28
2474.8 3443.23 341.65 9.92
2477.0 3066.87 300.25 9.79
2479.2 2672.88 233.13 8.72
2481.4 2295.59 192.68 8.39
2483.6 1938.11 155.49 8.02
2485.8 1631.06 134.52 8.25
2488.0 1367.48 97.27 7.11
2490.2 1142.70 52.74 4.62
2492.4 1005.55 29.75 2.96
2494.7 882.57 36.27 4.11
2496.8 832.28 61.65 7.41
2499.0 796.11 31.59 3.97
2501.2 746.73 19.48 2.61
2503.4 729.94 6.70 0.92
2505.6 713.13 0.00 0.00
