/*** Spectra Vista SIG Data ***/
name= \My Documents\varunmtech14\lantena.
instrument= HR: 1031044
integration= 10, 19.2, 30, 50, 38.4, 30
scan time= 1, 1
scan settings= AD, AI, AD, AI
external data set1= 8224, 8224, 8224, 8224, 8224, 8224, 8224, 8224, 8224, 8224, 8224, 8224, 8224, 8224, 8224, 8224
external data set2= 8224, 8224, 8224, 8224, 8224, 8224, 8224, 8224, 8224, 8224, 8224, 8224, 8224, 8224, 8224, 8224
external data dark= 0,0,0,0,0,0,0,0
external data mask= 0
optic= LENS 4, LENS 4
temp= 35.80, 9.01, -5.10, 39.51, 9.08, -5.10
battery= 7.8, 7.6
error= 0, 0
units= Radiance, Radiance
time= 1/30/08 09:01:35 PM, 1/30/08 09:05:37 PM
longitude= , 
latitude= , 
gpstime= , 
comm= 
memory slot= 0, 0
factors= 
data= 
341.6 102459.60 2932.02 2.86
343.1 107026.20 3005.09 2.81
344.7 110844.90 3040.05 2.74
346.3 114350.30 3137.57 2.74
347.9 118448.40 3183.48 2.69
349.5 126247.10 3359.86 2.66
351.1 136956.00 3605.70 2.63
352.6 146137.80 3855.07 2.64
354.2 154284.00 4059.20 2.63
355.8 159132.75 4154.39 2.61
357.4 162168.80 4179.24 2.58
358.9 161258.25 4113.99 2.55
360.5 162637.00 4136.98 2.54
362.1 169122.80 4218.72 2.49
363.6 179023.00 4395.00 2.45
365.2 194166.40 4767.68 2.46
366.8 214956.50 5264.90 2.45
368.3 232040.55 5694.99 2.45
369.9 240240.65 5836.61 2.43
371.5 243156.80 5859.20 2.41
373.0 243462.70 5841.68 2.40
374.6 240783.00 5727.00 2.38
376.1 238558.95 5665.87 2.38
377.7 234889.20 5601.96 2.38
379.3 234495.45 5612.67 2.39
380.8 246473.20 5838.28 2.37
382.4 263355.30 6236.10 2.37
383.9 268084.35 6367.11 2.38
385.5 264161.60 6248.80 2.37
387.0 262159.00 6235.58 2.38
388.6 269672.10 6390.18 2.37
390.1 274393.60 6487.36 2.36
391.7 269442.55 6362.33 2.36
393.2 261160.80 6139.04 2.35
394.8 264537.00 6156.00 2.33
396.3 282658.65 6548.16 2.32
397.9 314851.75 7289.07 2.32
399.4 356940.00 8272.80 2.32
401.0 404633.40 9406.92 2.32
402.5 446488.00 10388.70 2.33
404.1 478679.25 11116.10 2.32
405.6 495753.00 11509.70 2.32
407.1 504070.95 11722.28 2.33
408.7 505460.20 11778.20 2.33
410.2 499037.60 11684.84 2.34
411.7 487755.60 11491.68 2.36
413.3 479553.75 11368.50 2.37
414.8 476945.95 11382.85 2.39
416.4 481817.05 11540.32 2.40
417.9 490402.40 11778.56 2.40
419.4 505498.40 12181.84 2.41
420.9 526628.25 12709.35 2.41
422.5 548876.25 13230.75 2.41
424.0 562039.80 13551.93 2.41
425.5 560302.40 13566.00 2.42
427.1 547256.00 13249.92 2.42
428.6 529482.75 12839.76 2.42
430.1 512533.00 12447.23 2.43
431.6 501850.50 12246.00 2.44
433.2 499096.20 12262.05 2.46
434.7 503662.50 12457.50 2.47
436.2 513978.75 12771.95 2.48
437.8 529522.00 13161.75 2.49
439.3 547714.75 13612.65 2.49
440.8 570345.75 14198.40 2.49
442.3 596723.05 14862.43 2.49
443.8 624658.35 15583.17 2.49
445.4 651897.45 16254.54 2.49
446.9 675090.30 16843.70 2.50
448.4 694173.55 17359.92 2.50
449.9 706023.50 17717.70 2.51
451.4 710268.35 17867.41 2.52
452.9 706254.40 17791.21 2.52
454.5 699836.40 17686.44 2.53
456.0 691765.80 17551.26 2.54
457.5 685088.40 17446.80 2.55
459.0 680710.45 17381.14 2.55
460.5 676008.60 17320.78 2.56
462.0 671508.15 17264.31 2.57
463.6 670486.25 17283.35 2.58
465.1 678547.35 17509.83 2.58
466.6 702189.60 18089.82 2.58
468.1 729144.00 18748.80 2.57
469.6 740256.30 18987.78 2.57
471.1 741822.90 19046.04 2.57
472.6 746188.80 19176.96 2.57
474.1 754620.50 19389.50 2.57
475.6 761646.75 19583.49 2.57
477.1 762809.85 19641.38 2.57
478.6 759384.00 19613.44 2.58
480.1 751820.30 19450.00 2.59
481.6 735787.50 19117.50 2.60
483.1 714785.50 18611.45 2.60
484.7 694311.45 18102.14 2.61
486.2 678493.80 17706.86 2.61
487.7 668736.65 17511.51 2.62
489.2 668432.20 17573.24 2.63
490.7 678437.10 17915.04 2.64
492.2 695296.05 18423.42 2.65
493.7 713518.40 18981.76 2.66
495.2 730593.75 19525.00 2.67
496.7 743556.00 20007.90 2.69
498.1 752576.10 20370.18 2.71
499.6 757654.50 20672.40 2.73
501.1 760378.85 20905.16 2.75
502.6 760670.75 21205.69 2.79
504.1 758920.80 21460.12 2.83
505.6 755395.20 21750.12 2.88
507.1 751473.90 22089.26 2.94
508.6 744375.00 22432.50 3.01
510.1 733865.60 22757.12 3.10
511.6 722055.75 23115.85 3.20
513.1 707210.00 23436.00 3.31
514.6 694514.70 23856.36 3.43
516.1 683217.10 24407.94 3.57
517.5 672130.55 25136.02 3.74
519.0 665886.60 26181.36 3.93
520.5 665805.60 27547.53 4.14
522.0 673187.20 29308.44 4.35
523.5 684737.55 31219.02 4.56
525.0 697438.35 33146.82 4.75
526.5 712626.25 35213.00 4.94
528.0 729004.00 37435.50 5.14
529.4 745084.50 39613.40 5.32
530.9 760800.00 41729.88 5.49
532.4 774345.00 43639.20 5.64
533.9 782749.50 45168.90 5.77
535.4 785123.50 46350.92 5.90
536.8 781594.20 47117.92 6.03
538.3 773856.20 47460.44 6.13
539.8 764453.25 47610.20 6.23
541.3 753008.40 47565.36 6.32
542.8 743335.10 47615.90 6.41
544.2 734997.20 47708.36 6.49
545.7 729203.15 47871.72 6.56
547.2 724011.80 48009.16 6.63
548.6 719078.25 48123.45 6.69
550.1 714833.50 48211.22 6.74
551.6 713430.20 48467.02 6.79
553.1 712188.00 48606.32 6.82
554.5 711050.85 48638.12 6.84
556.0 711480.00 48624.80 6.83
557.5 713202.75 48534.75 6.81
558.9 717165.35 48492.42 6.76
560.4 722935.20 48487.08 6.71
561.9 732152.60 48621.36 6.64
563.3 741483.60 48651.48 6.56
564.8 750870.00 48537.72 6.46
566.3 756988.95 48139.10 6.36
567.7 759002.40 47384.61 6.24
569.2 759889.80 46491.48 6.12
570.6 758271.70 45424.80 5.99
572.1 755719.25 44351.45 5.87
573.6 752753.10 43255.08 5.75
575.0 749377.30 42175.64 5.63
576.5 745392.35 41095.79 5.51
577.9 741963.30 40088.10 5.40
579.4 738039.30 39130.05 5.30
580.9 734209.45 38277.26 5.21
582.3 730516.00 37524.92 5.14
583.8 725006.70 36730.26 5.07
585.2 715766.40 35830.08 5.01
586.7 704276.00 34795.60 4.94
588.1 690598.40 33702.42 4.88
589.6 679991.25 32817.60 4.83
591.0 671897.80 32179.64 4.79
592.5 668351.25 31789.35 4.76
593.9 667527.70 31611.02 4.74
595.4 670292.00 31589.12 4.71
596.8 674140.40 31629.44 4.69
598.2 677329.30 31674.40 4.68
599.7 681978.75 31768.75 4.66
601.1 689515.00 32006.19 4.64
602.6 697148.70 32190.42 4.62
604.0 706670.40 32441.60 4.59
605.5 715321.75 32621.60 4.56
606.9 723479.30 32742.08 4.53
608.3 729568.80 32684.22 4.48
609.8 734531.40 32560.74 4.43
611.2 738541.75 32380.05 4.38
612.6 740447.40 32089.20 4.33
614.1 743559.60 31843.98 4.28
615.5 745092.60 31521.00 4.23
616.9 745531.65 31145.88 4.18
618.4 741427.60 30622.70 4.13
619.8 729015.75 29788.20 4.09
621.2 712631.40 28881.68 4.05
622.7 695991.60 28007.76 4.02
624.1 682822.80 27348.20 4.01
625.5 671692.75 26805.39 3.99
626.9 664618.35 26466.33 3.98
628.4 659144.70 26235.90 3.98
629.8 655123.50 25983.24 3.97
631.2 655029.60 25823.68 3.94
632.6 657224.10 25809.42 3.93
634.0 657079.80 25795.68 3.93
635.5 656891.20 25760.16 3.92
636.9 656149.50 25680.25 3.91
638.3 655853.40 25485.84 3.89
639.7 655336.85 25231.64 3.85
641.1 655914.00 25014.36 3.81
642.5 654713.40 24761.16 3.78
644.0 653646.15 24498.42 3.75
645.4 653089.00 24283.48 3.72
646.8 650507.50 23978.38 3.69
648.2 649116.60 23776.50 3.66
649.6 648721.60 23692.96 3.65
651.0 647961.60 23646.72 3.65
652.4 646651.85 23615.54 3.65
653.8 645849.25 23578.95 3.65
655.2 643712.00 23514.32 3.65
656.6 640453.80 23175.60 3.62
658.0 640414.60 22793.26 3.56
659.4 645063.60 22592.40 3.50
660.8 651091.25 22444.80 3.45
662.2 660311.15 22488.34 3.41
663.6 667872.00 22619.52 3.39
665.0 673237.20 22652.88 3.36
666.4 674698.20 22613.76 3.35
667.8 673215.30 22463.46 3.34
669.2 668528.90 22235.07 3.33
670.6 662114.05 21985.86 3.32
672.0 655543.80 21710.70 3.31
673.4 648905.30 21526.93 3.32
674.8 644009.60 21397.68 3.32
676.1 639564.80 21315.84 3.33
677.5 636212.85 21291.55 3.35
678.9 633218.75 21293.77 3.36
680.3 630238.00 21346.56 3.39
681.7 625933.90 21393.77 3.42
683.1 616123.80 21317.04 3.46
684.4 603115.15 21159.58 3.51
685.8 590281.20 21064.32 3.57
687.2 577075.20 21069.12 3.65
688.6 566196.75 21300.30 3.76
689.9 558221.70 21827.06 3.91
691.3 554758.40 22759.52 4.10
692.7 555422.00 24110.32 4.34
694.1 557557.00 25864.30 4.64
695.4 560217.60 27993.60 5.00
696.8 563447.50 30484.30 5.41
698.2 567968.90 33387.94 5.88
699.5 573506.20 36595.46 6.38
700.9 581761.60 40311.04 6.93
702.2 592365.00 44540.00 7.52
703.6 603109.00 49141.56 8.15
705.0 610337.00 53835.60 8.82
706.3 611533.65 58250.53 9.53
707.7 606860.40 62271.88 10.26
709.0 598728.00 66028.80 11.03
710.4 591010.95 69791.46 11.81
711.8 584215.40 73590.00 12.60
713.1 576987.00 77198.60 13.38
714.5 566840.70 80120.28 14.13
715.8 553629.30 82055.61 14.82
717.2 540531.60 83676.60 15.48
718.5 527877.00 85409.94 16.18
719.9 516374.10 87750.96 16.99
721.2 509234.70 91053.30 17.88
722.5 506163.90 94895.34 18.75
723.9 504841.20 98753.85 19.56
725.2 502840.80 102160.80 20.32
726.6 500656.20 105379.23 21.05
727.9 499403.80 108800.72 21.79
729.2 502096.80 112932.48 22.49
730.6 507734.20 117755.40 23.19
731.9 514976.00 122998.40 23.88
733.2 523747.20 128533.80 24.54
734.6 532378.50 133782.10 25.13
735.9 539310.50 138317.91 25.65
737.2 544512.80 142140.44 26.10
738.6 548006.50 145346.39 26.52
739.9 551443.20 148420.80 26.91
741.2 554662.50 151294.50 27.28
742.5 557535.65 153957.23 27.61
743.9 560735.00 156570.68 27.92
745.2 562333.85 158671.50 28.22
746.5 563055.80 160294.28 28.47
747.8 563127.00 161557.80 28.69
749.1 562422.60 162504.36 28.89
750.4 561491.85 163249.20 29.07
751.8 560465.00 163904.00 29.24
753.1 559039.40 164399.79 29.41
754.4 555955.50 164376.20 29.57
755.7 543439.75 162062.10 29.82
757.0 519731.10 155842.29 29.99
758.3 488048.40 145682.64 29.85
759.6 450991.20 133158.08 29.53
760.9 416433.70 121788.96 29.25
762.2 389612.05 113280.92 29.08
763.5 380537.75 111459.90 29.29
764.8 389356.55 116006.40 29.79
766.1 409901.85 124084.17 30.27
767.4 435317.50 133383.25 30.64
768.7 460513.00 142243.00 30.89
770.0 483501.25 149763.54 30.97
771.3 502366.10 155608.66 30.98
772.6 518518.45 160328.62 30.92
773.9 532045.00 164187.99 30.86
775.2 545832.00 168104.40 30.80
776.5 560783.80 172260.42 30.72
777.7 579160.40 177328.06 30.62
779.0 594094.35 181387.02 30.53
780.3 593245.80 181104.07 30.53
781.6 575620.00 176147.20 30.60
782.9 554380.70 170300.04 30.72
784.1 540561.60 166652.64 30.83
785.4 534354.95 165236.91 30.92
786.7 531068.00 164424.84 30.96
788.0 528832.80 163840.32 30.98
789.2 527874.15 163560.36 30.98
790.5 527801.35 163492.45 30.98
791.8 528601.50 163693.32 30.97
793.0 529485.50 164025.55 30.98
794.3 529641.20 164187.36 31.00
795.6 529272.00 164160.00 31.02
796.9 529140.60 164327.92 31.06
798.1 528387.20 164275.76 31.09
799.4 527349.45 164137.23 31.12
800.6 526006.60 163804.13 31.14
801.9 525121.20 163546.16 31.14
803.1 525279.30 163689.42 31.16
804.4 524952.00 163861.20 31.21
805.6 522637.05 163373.34 31.26
806.9 517210.75 161945.35 31.31
808.2 510267.90 160018.26 31.36
809.4 500524.20 157158.54 31.40
810.7 488169.25 153393.44 31.42
811.9 472706.15 148495.48 31.41
813.1 456424.60 143061.94 31.34
814.4 440180.70 137630.22 31.27
815.6 426354.70 133087.66 31.22
816.9 417146.40 130227.84 31.22
818.1 409943.30 128579.88 31.37
819.4 406397.40 128223.40 31.55
820.6 404998.80 127965.18 31.60
821.8 405319.00 128098.80 31.60
823.1 407750.00 129321.99 31.72
824.3 409248.00 130114.88 31.79
825.5 411203.10 131009.34 31.86
826.8 414333.50 132261.50 31.92
828.0 416699.85 133000.91 31.92
829.2 418231.80 133361.76 31.89
830.4 419203.50 133655.40 31.88
831.6 421819.20 134608.32 31.91
832.9 426047.00 136243.40 31.98
834.1 431230.65 138050.58 32.01
835.3 436586.15 140044.19 32.08
836.5 442777.20 142281.28 32.13
837.8 448923.60 144456.16 32.18
839.0 454221.30 146289.93 32.21
840.2 458982.65 147872.34 32.22
841.4 463600.00 149392.00 32.22
842.6 467817.90 150699.18 32.21
843.8 471224.60 151892.40 32.23
845.0 473060.20 152591.06 32.26
846.2 472719.80 152562.20 32.27
847.4 471059.60 151981.50 32.26
848.6 468214.20 151091.82 32.27
849.8 464232.00 150034.40 32.32
851.0 459429.75 148465.05 32.32
852.2 454498.80 146443.92 32.22
853.4 453071.25 146124.75 32.25
854.6 453176.50 146405.50 32.31
855.8 454287.60 147009.20 32.36
857.0 457663.25 148460.40 32.44
858.2 462150.30 150315.00 32.53
859.4 465685.40 151512.12 32.54
860.6 467985.60 152340.24 32.55
861.8 468523.85 152694.83 32.59
863.0 467538.25 152235.85 32.56
864.1 464568.30 150870.10 32.48
865.3 463117.40 150238.70 32.44
866.5 461910.00 149845.68 32.44
867.7 460888.00 149672.00 32.47
868.9 461469.75 150186.05 32.55
870.0 462959.60 150992.99 32.61
871.2 464006.80 151484.24 32.65
872.4 464790.20 151786.67 32.66
873.6 464912.00 151831.72 32.66
874.7 465241.60 152000.00 32.67
875.9 466065.05 152341.97 32.69
877.1 466498.80 152548.70 32.70
878.2 466703.80 152571.68 32.69
879.4 466365.20 152473.86 32.69
880.6 464416.65 151965.84 32.72
881.7 461184.65 151029.92 32.75
882.9 457201.80 149959.92 32.80
884.0 453445.45 148815.03 32.82
885.2 450027.75 147905.55 32.87
886.4 446891.70 146979.66 32.89
887.5 443201.20 145950.74 32.93
888.7 439709.40 144969.24 32.97
889.8 435351.60 143663.04 33.00
891.0 428892.20 141567.58 33.01
892.1 420238.30 138669.51 33.00
893.3 408617.00 134527.40 32.92
894.4 393827.00 129311.70 32.83
895.5 378573.50 124010.60 32.76
896.7 362610.00 118215.60 32.60
897.8 349036.05 113592.18 32.54
899.0 338960.70 110315.13 32.55
900.1 333407.20 108710.56 32.61
901.2 332350.20 109058.04 32.81
902.4 333740.70 110354.28 33.07
903.5 334299.90 111122.22 33.24
904.6 333273.30 110979.00 33.30
905.8 330817.50 109967.13 33.24
906.9 326669.10 108193.08 33.12
908.0 321088.00 105910.60 32.98
909.2 316653.35 104350.48 32.95
910.3 312228.80 102957.80 32.98
911.4 308096.80 101616.64 32.98
912.5 305089.40 100819.98 33.05
913.6 302197.50 99679.80 32.98
914.8 300065.80 98952.44 32.98
915.9 299728.65 98850.18 32.98
917.0 301920.45 100055.67 33.14
918.1 305465.55 101821.85 33.33
919.2 308538.40 103076.16 33.41
920.3 312319.70 104697.67 33.52
921.5 314792.00 105484.20 33.51
922.6 315164.40 105583.68 33.50
923.7 313535.20 104884.56 33.45
924.8 308921.05 103346.82 33.45
925.9 298996.10 99749.88 33.36
927.0 285165.75 94764.45 33.23
928.1 267034.30 88037.30 32.97
929.2 244020.00 79710.75 32.67
930.3 218973.30 70375.02 32.14
931.4 193825.45 61524.19 31.74
932.5 171262.00 53749.92 31.38
933.5 152760.00 47728.00 31.24
934.6 139620.35 43249.66 30.98
935.7 131177.80 40983.36 31.24
936.8 130735.80 41890.42 32.04
937.9 132664.80 43294.80 32.63
939.0 135206.40 44626.16 33.01
940.1 138720.00 46185.60 33.29
941.1 141760.75 47143.21 33.26
942.2 141885.00 46874.60 33.04
943.3 142210.25 46533.76 32.72
944.4 141440.00 46087.68 32.58
945.4 142392.35 46105.89 32.38
946.5 143998.65 46602.38 32.36
947.6 144774.00 46833.24 32.35
948.7 147343.25 47740.15 32.40
949.7 148387.95 48172.32 32.46
950.8 149877.40 48575.90 32.41
951.9 152322.30 49361.40 32.41
952.9 154378.50 49931.00 32.34
954.0 156650.65 50513.97 32.25
955.0 160523.30 51783.43 32.26
956.1 165043.00 53229.10 32.25
957.1 167499.80 53835.22 32.14
958.2 172577.15 55534.81 32.18
959.2 178770.00 57584.00 32.21
960.3 184558.40 59192.25 32.07
961.4 190852.20 61496.82 32.22
962.4 198378.00 63814.80 32.17
963.4 206687.50 66536.84 32.19
964.5 215884.65 69437.78 32.16
965.5 228160.80 73518.48 32.22
966.6 241099.95 77893.83 32.31
967.6 254108.40 82096.56 32.31
968.6 266533.50 86458.02 32.44
969.7 277908.15 90511.74 32.57
970.7 287756.00 93604.35 32.53
971.7 293242.55 94946.48 32.38
972.8 297436.60 95611.04 32.15
973.8 300313.15 95932.07 31.94
974.8 301968.10 96261.42 31.88
975.8 304265.00 96820.75 31.82
976.9 305957.60 97550.18 31.88
977.9 308929.95 98290.94 31.82
978.9 313232.40 99871.20 31.88
979.9 317635.20 101666.88 32.01
980.9 322155.20 103163.44 32.02
981.9 327627.65 104763.91 31.98
982.9 333556.55 107085.69 32.10
983.9 340413.00 109183.80 32.07
984.9 345386.00 110786.95 32.08
985.9 351578.00 112657.82 32.04
986.9 356911.50 114595.80 32.11
987.9 361695.20 116145.28 32.11
988.9 365241.50 116877.28 32.00
989.9 370323.50 118392.70 31.97
990.9 372979.20 119469.90 32.03
991.9 376188.00 120012.15 31.90
992.9 379984.00 121119.90 31.88
993.9 383073.60 121990.70 31.85
994.9 383810.10 122384.73 31.89
995.9 386167.95 123163.20 31.89
996.8 388811.25 123873.90 31.86
997.8 390703.80 124791.96 31.94
998.8 396367.00 124840.00 31.50
999.8 397401.60 125424.64 31.56
1000.7 399855.30 125927.28 31.49
1001.7 399299.40 126444.81 31.67
1002.6 402295.95 126861.58 31.53
1003.6 407592.50 127634.68 31.31
1004.6 408112.00 128045.14 31.38
1005.5 412849.50 128067.60 31.02
1006.5 415478.70 129954.24 31.28
1007.5 420287.45 130601.72 31.07
1008.4 427025.50 131213.29 30.73
1009.4 436385.00 131788.27 30.20
1010.3 442849.50 132854.85 30.00
1011.2 439394.05 134599.19 30.63
1012.2 461400.15 135259.77 29.32
1013.1 467213.50 135132.52 28.92
1014.0 469870.10 138571.86 29.49
988.9 276345.34 95513.36 34.56
992.7 281491.06 97397.84 34.60
996.6 288189.57 99811.67 34.63
1000.4 291629.35 101040.53 34.65
1004.3 292999.18 101827.71 34.75
1008.1 293961.77 102579.57 34.90
1012.0 297288.70 104117.98 35.02
1015.8 301921.99 106055.87 35.13
1019.6 307787.69 108363.23 35.21
1023.5 315282.03 111211.88 35.27
1027.3 322195.31 113896.23 35.35
1031.2 327401.53 115978.49 35.42
1035.0 330286.52 117261.63 35.50
1038.8 331497.28 118007.16 35.60
1042.7 332071.91 118534.12 35.70
1046.5 331906.95 118730.81 35.77
1050.3 331337.33 118747.31 35.84
1054.2 329771.42 118405.73 35.91
1058.0 326577.17 117531.39 35.99
1061.8 322057.87 116178.57 36.07
1065.6 317046.75 114619.13 36.15
1069.5 311227.92 112831.88 36.25
1073.3 305329.78 110980.92 36.35
1077.1 299797.13 109147.69 36.41
1080.9 294314.23 107333.56 36.47
1084.7 288417.41 105345.75 36.53
1088.5 281410.80 102854.40 36.55
1092.3 272861.29 99707.12 36.54
1096.2 262480.88 95879.51 36.53
1100.0 249106.42 90948.71 36.51
1103.8 231555.01 84532.42 36.51
1107.6 209625.47 76431.09 36.46
1111.4 184121.65 66791.68 36.28
1115.2 157187.47 56532.23 35.96
1119.0 130971.05 46548.84 35.54
1122.8 108670.65 38085.11 35.05
1126.6 93125.96 32225.55 34.60
1130.4 84685.37 29118.62 34.38
1134.2 81494.46 28006.14 34.37
1138.0 81298.33 27860.80 34.27
1141.8 83056.72 28191.31 33.94
1145.6 86661.84 29031.83 33.50
1149.4 92499.72 30557.63 33.04
1153.2 101682.97 33297.43 32.75
1156.9 114656.63 37413.14 32.63
1160.7 130405.41 42510.89 32.60
1164.5 146710.93 47846.74 32.61
1168.3 161488.84 52655.38 32.61
1172.1 173529.81 56506.13 32.56
1175.8 182442.98 59250.26 32.48
1179.6 188984.21 61140.70 32.35
1183.4 193668.65 62461.94 32.25
1187.2 197086.31 63461.48 32.20
1190.9 199547.36 64204.48 32.18
1194.7 201300.83 64744.51 32.16
1198.5 202474.54 65110.03 32.16
1202.2 203119.50 65335.34 32.17
1206.0 203824.82 65642.42 32.21
1209.8 205143.87 66239.18 32.29
1213.5 207316.24 67143.46 32.39
1217.3 210029.92 68218.28 32.48
1221.0 213069.05 69454.11 32.60
1224.8 216196.28 70690.81 32.70
1228.5 219184.89 71848.62 32.78
1232.3 221707.41 72890.65 32.88
1236.0 223622.53 73723.55 32.97
1239.8 224629.45 74285.59 33.07
1243.5 224505.75 74484.87 33.18
1247.3 223110.31 74293.48 33.30
1251.0 220225.79 73624.51 33.43
1254.8 215974.24 72438.38 33.54
1258.5 210829.99 70854.82 33.61
1262.2 205646.50 69188.50 33.64
1266.0 201171.47 67800.25 33.70
1269.7 197921.17 66835.23 33.77
1273.4 196238.23 66374.69 33.82
1277.2 196020.00 66383.63 33.87
1280.9 196321.14 66528.61 33.89
1284.6 196133.87 66436.31 33.87
1288.3 195058.72 65972.00 33.82
1292.1 192628.18 64974.86 33.73
1295.8 188778.80 63422.37 33.60
1299.5 183340.06 61285.43 33.43
1303.2 176780.43 58699.00 33.20
1306.9 169374.43 55795.53 32.94
1310.6 161669.86 52783.00 32.65
1314.3 153621.70 49676.43 32.34
1318.0 144829.35 46403.38 32.04
1321.8 135437.56 42906.16 31.68
1325.5 125599.80 39204.04 31.21
1329.2 115286.62 35429.18 30.73
1332.8 104042.34 31529.16 30.30
1336.5 91789.96 27452.65 29.91
1340.2 78916.50 23283.61 29.50
1343.9 65612.30 19026.64 29.00
1347.6 52080.47 14767.71 28.36
1351.3 39131.91 10800.38 27.60
1355.0 28138.65 7557.93 26.86
1358.7 19859.38 5207.13 26.22
1362.3 14208.28 3633.75 25.57
1366.0 10442.19 2618.50 25.08
1369.7 7909.64 1965.59 24.85
1373.4 6257.50 1568.29 25.06
1377.1 5227.61 1316.70 25.19
1380.7 4589.30 1137.49 24.79
1384.4 4243.47 1031.45 24.31
1388.1 4126.20 978.90 23.72
1391.7 4144.08 948.55 22.89
1395.4 4293.50 930.00 21.66
1399.0 4580.93 942.45 20.57
1402.7 4974.56 967.92 19.46
1406.4 5452.74 1006.48 18.46
1410.0 6028.73 1052.33 17.46
1413.7 6755.11 1111.75 16.46
1417.3 7667.33 1204.98 15.72
1421.0 8678.07 1302.09 15.00
1424.6 9723.15 1384.65 14.24
1428.2 10825.54 1492.52 13.79
1431.9 12007.14 1601.46 13.34
1435.5 13240.94 1704.17 12.87
1439.2 14726.64 1827.39 12.41
1442.8 16904.24 2014.42 11.92
1446.4 19940.99 2301.76 11.54
1450.0 23641.48 2658.91 11.25
1453.7 27315.62 3019.93 11.06
1457.3 30340.75 3335.06 10.99
1460.9 32498.49 3555.00 10.94
1464.5 33674.63 3659.46 10.87
1468.1 34122.10 3701.18 10.85
1471.8 34583.31 3792.59 10.97
1475.4 36044.75 3995.78 11.09
1479.0 39143.80 4381.83 11.19
1482.6 43877.28 4952.43 11.29
1486.2 50155.12 5748.43 11.46
1489.8 57417.11 6706.91 11.68
1493.4 65381.44 7774.97 11.89
1497.0 73595.18 8910.23 12.11
1500.6 81537.19 10050.54 12.33
1504.2 88617.38 11141.21 12.57
1507.7 94884.93 12162.64 12.82
1511.3 100557.62 13145.66 13.07
1514.9 105715.50 14117.75 13.35
1518.5 110296.48 15047.85 13.64
1522.1 114100.60 15887.80 13.92
1525.7 117416.56 16681.06 14.21
1529.2 120191.17 17419.23 14.49
1532.8 122415.50 18102.34 14.79
1536.4 124191.38 18727.63 15.08
1539.9 125617.85 19287.81 15.35
1543.5 126609.68 19788.34 15.63
1547.0 127193.85 20256.55 15.93
1550.6 127475.61 20691.14 16.23
1554.2 127422.19 21044.25 16.52
1557.7 127028.50 21323.28 16.79
1561.3 126072.01 21493.53 17.05
1564.8 124697.48 21553.48 17.28
1568.4 123009.91 21522.05 17.50
1571.9 121206.68 21466.97 17.71
1575.5 119695.50 21466.80 17.93
1579.0 118629.00 21550.68 18.17
1582.5 118103.11 21723.57 18.39
1586.0 117831.35 21965.45 18.64
1589.6 117506.08 22197.89 18.89
1593.1 116913.79 22346.97 19.11
1596.6 116220.65 22447.47 19.31
1600.2 115421.15 22520.72 19.51
1603.7 114676.98 22592.76 19.70
1607.2 114106.76 22704.76 19.90
1610.7 113806.48 22870.98 20.10
1614.2 113768.68 23087.12 20.29
1617.7 113918.09 23341.65 20.49
1621.2 114082.76 23571.12 20.66
1624.7 114072.50 23754.38 20.82
1628.2 113723.84 23858.74 20.98
1631.7 112990.46 23866.21 21.12
1635.2 112017.10 23784.23 21.23
1638.7 110954.66 23664.16 21.33
1642.2 109835.82 23549.66 21.44
1645.7 108913.35 23449.36 21.53
1649.2 108101.11 23367.88 21.62
1652.6 107402.79 23301.34 21.70
1656.1 106656.33 23222.95 21.77
1659.6 105955.92 23142.76 21.84
1663.1 105207.61 23012.86 21.87
1666.5 104251.32 22818.08 21.89
1670.0 103223.99 22604.41 21.90
1673.5 102306.89 22411.36 21.91
1676.9 101542.88 22210.41 21.87
1680.4 100721.06 21996.02 21.84
1683.8 99839.55 21763.14 21.80
1687.3 99033.46 21529.20 21.74
1690.7 98189.79 21283.04 21.68
1694.2 97233.68 21005.29 21.60
1697.6 96254.58 20716.68 21.52
1701.1 95176.73 20403.55 21.44
1704.5 94127.45 20088.85 21.34
1707.9 93034.19 19757.08 21.24
1711.4 91844.27 19400.31 21.12
1714.8 90530.24 19023.78 21.01
1718.2 89160.78 18623.51 20.89
1721.6 87627.53 18188.99 20.76
1725.1 85846.21 17735.30 20.66
1728.5 83996.19 17243.73 20.53
1731.9 82201.28 16757.30 20.39
1735.3 80343.90 16286.64 20.27
1738.7 78629.23 15842.87 20.15
1742.1 77029.74 15406.83 20.00
1745.5 75649.44 15034.38 19.87
1748.9 74293.52 14655.61 19.73
1752.3 72777.56 14261.13 19.60
1755.7 71157.16 13869.84 19.49
1759.1 69284.19 13395.36 19.33
1762.5 66988.69 12851.54 19.18
1765.8 64260.08 12251.25 19.07
1769.2 61103.71 11566.68 18.93
1772.6 57665.44 10829.36 18.78
1776.0 54039.90 10074.15 18.64
1779.3 50138.81 9300.61 18.55
1782.7 46040.19 8521.00 18.51
1786.1 41849.76 7718.46 18.44
1789.4 37465.25 6879.37 18.36
1792.8 32779.62 5991.92 18.28
1796.1 28002.91 5078.64 18.14
1799.5 23355.15 4203.55 18.00
1802.8 19047.94 3400.40 17.85
1806.2 15315.67 2722.36 17.78
1809.5 12224.87 2190.53 17.92
1812.9 9702.44 1746.63 18.00
1816.2 7731.78 1402.71 18.14
1819.5 6198.00 1147.60 18.52
1822.9 5006.77 962.47 19.22
1826.2 4137.11 817.69 19.76
1829.5 3494.98 698.02 19.97
1832.8 3040.91 622.90 20.48
1836.1 2747.28 590.81 21.51
1839.5 2515.73 557.41 22.16
1842.8 2318.42 498.21 21.49
1846.1 2170.44 473.55 21.82
1849.4 2088.24 465.15 22.27
1852.7 1978.18 427.45 21.61
1856.0 1892.36 400.50 21.16
1859.3 1833.08 402.88 21.98
1862.5 1789.70 401.67 22.44
1865.8 1766.05 381.43 21.60
1869.1 1757.70 363.48 20.68
1872.4 1732.13 368.78 21.29
1875.7 1758.01 382.42 21.75
1878.9 1798.23 376.10 20.92
1882.2 1827.80 370.50 20.27
1885.5 1938.61 398.34 20.55
1888.7 2103.86 449.79 21.38
1892.0 2282.65 498.33 21.83
1895.2 2483.14 521.82 21.01
1898.5 2775.53 583.26 21.01
1901.8 3031.95 635.37 20.96
1905.0 3257.46 656.35 20.15
1870.5 8277.08 1013.52 12.24
1873.3 5848.29 635.68 10.87
1876.1 4724.12 906.65 19.19
1878.8 3669.67 218.00 5.94
1881.6 2789.45 27.62 0.99
1884.4 2157.19 106.79 4.95
1887.2 1806.24 153.36 8.49
1890.0 1604.25 279.00 17.39
1892.8 1312.83 175.83 13.39
1895.5 1135.87 121.70 10.71
1898.3 1048.83 126.58 12.07
1901.1 989.40 90.70 9.17
1903.8 891.74 60.97 6.84
1906.6 827.27 42.79 5.17
1909.3 845.00 74.36 8.80
1912.1 856.24 97.30 11.36
1914.9 884.78 94.13 10.64
1917.6 876.24 73.02 8.33
1920.4 891.91 64.97 7.28
1923.1 946.28 86.03 9.09
1925.9 1046.27 88.11 8.42
1928.6 1188.72 99.50 8.37
1931.4 1373.10 109.45 7.97
1934.1 1617.82 108.48 6.71
1936.8 1959.40 116.05 5.92
1939.6 2333.35 130.10 5.58
1942.3 2847.25 159.70 5.61
1945.0 3399.24 177.95 5.24
1947.8 3986.77 197.97 4.97
1950.5 4691.54 238.28 5.08
1953.2 5559.72 291.81 5.25
1955.9 6697.94 352.84 5.27
1958.7 8182.25 419.75 5.13
1961.4 10193.37 518.93 5.09
1964.1 12735.23 659.24 5.18
1966.8 15720.12 829.09 5.27
1969.5 19116.22 1028.22 5.38
1972.2 22748.20 1227.83 5.40
1974.9 26401.07 1437.30 5.44
1977.6 30014.51 1666.29 5.55
1980.3 33403.58 1873.84 5.61
1983.0 36297.34 2057.81 5.67
1985.7 38492.08 2202.86 5.72
1988.4 39885.54 2313.24 5.80
1991.1 39949.24 2366.23 5.92
1993.8 39134.40 2348.59 6.00
1996.5 37395.92 2242.39 6.00
1999.1 34603.61 2088.24 6.03
2001.8 31583.04 1914.84 6.06
2004.5 28581.95 1704.98 5.97
2007.2 25908.59 1547.09 5.97
2009.8 23901.55 1445.17 6.05
2012.5 22895.95 1371.98 5.99
2015.2 22988.19 1394.57 6.07
2017.8 23775.90 1474.50 6.20
2020.5 25816.08 1627.97 6.31
2023.2 29047.61 1868.00 6.43
2025.8 32351.80 2108.60 6.52
2028.5 36137.81 2394.13 6.62
2031.2 40031.28 2696.10 6.73
2033.8 43385.91 2942.55 6.78
2036.5 46001.40 3145.02 6.84
2039.1 47812.61 3295.11 6.89
2041.7 48547.44 3359.57 6.92
2044.4 48512.10 3381.98 6.97
2047.0 48156.66 3366.70 6.99
2049.7 47052.89 3303.21 7.02
2052.3 45505.67 3208.82 7.05
2054.9 43800.63 3086.00 7.05
2057.6 42292.73 2990.21 7.07
2060.2 41088.74 2926.67 7.12
2062.8 40264.94 2889.03 7.18
2065.4 39940.15 2879.10 7.21
2068.1 40107.97 2905.29 7.24
2070.7 40616.78 2983.10 7.34
2073.3 41470.70 3096.29 7.47
2075.9 42597.45 3205.37 7.52
2078.5 43813.17 3311.39 7.56
2081.1 45145.71 3458.01 7.66
2083.7 46386.69 3610.99 7.78
2086.3 47262.97 3701.32 7.83
2088.9 47979.94 3794.50 7.91
2091.6 48510.35 3874.83 7.99
2094.1 48793.50 3918.97 8.03
2096.7 48909.55 3965.50 8.11
2099.3 48883.86 3988.68 8.16
2101.9 48899.92 4024.83 8.23
2104.5 48912.86 4068.56 8.32
2107.1 48792.29 4086.93 8.38
2109.7 48695.29 4123.51 8.47
2112.3 48656.19 4170.61 8.57
2114.8 48629.82 4202.48 8.64
2117.4 48601.38 4239.88 8.72
2120.0 48618.26 4271.94 8.79
2122.6 48645.33 4317.33 8.88
2125.1 48615.94 4357.71 8.96
2127.7 48700.55 4406.43 9.05
2130.3 48763.54 4457.92 9.14
2132.8 48707.10 4485.18 9.21
2135.4 48608.55 4526.23 9.31
2137.9 48505.23 4551.04 9.38
2140.5 48260.36 4553.69 9.44
2143.0 48067.78 4578.14 9.52
2145.6 47612.95 4570.08 9.60
2148.1 47061.00 4545.63 9.66
2150.7 46426.63 4504.55 9.70
2153.2 45816.13 4490.87 9.80
2155.8 45087.85 4436.30 9.84
2158.3 44357.72 4373.72 9.86
2160.8 43588.48 4330.31 9.93
2163.4 42934.89 4292.95 10.00
2165.9 42368.13 4271.76 10.08
2168.4 41964.00 4242.13 10.11
2171.0 41630.44 4231.37 10.16
2173.5 41345.30 4225.99 10.22
2176.0 41113.73 4223.15 10.27
2178.5 40889.73 4238.92 10.37
2181.1 40604.52 4222.89 10.40
2183.6 40259.70 4201.20 10.44
2186.1 39947.44 4217.10 10.56
2188.6 39625.55 4203.57 10.61
2191.1 39270.83 4160.00 10.59
2193.6 38975.63 4151.88 10.65
2196.1 38765.44 4150.72 10.71
2198.6 38630.47 4157.98 10.76
2201.1 38529.07 4162.87 10.80
2203.6 38386.08 4175.56 10.88
2206.1 38263.07 4165.79 10.89
2208.6 38298.02 4183.45 10.92
2211.1 38356.87 4192.77 10.93
2213.6 38392.56 4199.23 10.94
2216.0 38567.55 4268.21 11.07
2218.5 38567.20 4256.00 11.04
2221.0 38533.14 4240.58 11.01
2223.5 38482.33 4247.17 11.04
2225.9 38395.20 4229.40 11.02
2228.4 38430.00 4244.38 11.04
2230.9 38362.94 4237.73 11.05
2233.3 38002.64 4176.46 10.99
2235.8 37781.96 4142.86 10.97
2238.3 37676.99 4120.11 10.94
2240.7 37361.86 4059.43 10.87
2243.2 37021.02 3992.52 10.78
2245.7 36728.27 3941.33 10.73
2248.1 36355.44 3864.67 10.63
2250.6 35971.55 3781.85 10.51
2253.0 35628.27 3719.47 10.44
2255.4 35193.44 3635.02 10.33
2257.9 34748.06 3557.56 10.24
2260.3 34333.34 3479.03 10.13
2262.8 33930.48 3404.00 10.03
2265.2 33623.10 3347.49 9.96
2267.6 33328.93 3281.43 9.85
2270.1 33052.35 3207.08 9.70
2272.5 32867.13 3156.73 9.60
2274.9 32652.33 3122.20 9.56
2277.3 32377.66 3069.65 9.48
2279.8 32172.05 3001.35 9.33
2282.2 31991.45 2949.35 9.22
2284.6 31768.36 2925.71 9.21
2287.0 31562.64 2893.73 9.17
2289.4 31241.13 2831.62 9.06
2291.8 30938.42 2766.34 8.94
2294.3 30725.46 2733.12 8.90
2296.7 30544.23 2691.98 8.81
2299.1 30349.25 2640.88 8.70
2301.5 30268.33 2619.53 8.65
2303.9 30187.68 2586.40 8.57
2306.3 30084.16 2551.84 8.48
2308.7 29773.45 2508.98 8.43
2311.0 29546.60 2482.94 8.40
2313.4 29422.59 2465.95 8.38
2315.8 29030.08 2407.00 8.29
2318.2 28522.72 2346.85 8.23
2320.6 27823.95 2270.24 8.16
2323.0 27482.73 2237.40 8.14
2325.3 27533.59 2237.49 8.13
2327.7 27400.60 2196.40 8.02
2330.1 27164.76 2170.05 7.99
2332.5 26964.33 2159.33 8.01
2334.8 26450.40 2087.47 7.89
2337.2 25858.48 2036.48 7.88
2339.6 25236.49 1974.94 7.83
2341.9 24561.60 1907.16 7.76
2344.3 23902.85 1849.32 7.74
2346.6 23092.85 1752.35 7.59
2349.0 22469.70 1689.66 7.52
2351.3 21832.20 1656.72 7.59
2353.7 21423.53 1596.57 7.45
2356.0 21353.28 1569.48 7.35
2358.4 21089.46 1550.59 7.35
2360.7 20864.21 1527.16 7.32
2363.1 20573.00 1491.00 7.25
2365.4 20131.77 1437.73 7.14
2367.7 19565.07 1405.81 7.19
2370.1 18995.64 1369.98 7.21
2372.4 18486.81 1335.70 7.23
2374.7 17853.57 1274.20 7.14
2377.0 17413.00 1221.00 7.01
2379.3 17025.25 1180.29 6.93
2381.7 16600.48 1132.02 6.82
2384.0 16265.60 1097.63 6.75
2386.3 16025.23 1068.60 6.67
2388.6 15914.13 1058.44 6.65
2390.9 15901.91 1066.43 6.71
2393.2 15949.20 1059.74 6.64
2395.5 15942.60 1044.23 6.55
2397.8 15770.81 1033.14 6.55
2400.2 15548.90 1008.77 6.49
2402.4 15350.82 990.25 6.45
2404.7 14977.40 958.99 6.40
2407.0 14497.88 911.30 6.29
2409.3 13949.04 865.83 6.21
2411.6 13320.21 825.47 6.20
2413.9 12728.03 781.76 6.14
2416.2 12343.22 744.21 6.03
2418.5 12165.84 727.13 5.98
2420.8 12055.23 700.01 5.81
2423.0 12053.39 688.40 5.71
2425.3 12295.45 707.71 5.76
2427.6 12489.33 714.91 5.72
2429.8 12463.59 696.53 5.59
2432.1 12262.55 664.15 5.42
2434.4 12174.48 666.00 5.47
2436.6 12100.29 670.50 5.54
2438.9 11748.21 645.41 5.49
2441.2 11252.15 609.70 5.42
2443.4 10802.26 586.88 5.43
2445.7 10338.79 550.97 5.33
2447.9 9754.52 503.82 5.16
2450.2 9165.66 480.42 5.24
2452.4 8845.95 475.33 5.37
2454.7 8770.06 455.53 5.19
2456.9 8746.39 436.35 4.99
2459.1 8727.02 431.93 4.95
2461.4 8734.74 435.75 4.99
2463.6 8701.29 429.57 4.94
2465.8 8400.92 409.19 4.87
2468.1 7889.75 387.85 4.92
2470.3 7420.40 384.80 5.19
2472.5 6986.30 360.17 5.16
2474.8 6486.08 304.29 4.69
2477.0 5892.47 268.08 4.55
2479.2 5259.02 243.98 4.64
2481.4 4657.23 214.70 4.61
2483.6 4015.06 205.47 5.12
2485.8 3413.45 190.57 5.58
2488.0 2935.22 137.32 4.68
2490.2 2519.80 111.34 4.42
2492.4 2213.40 95.20 4.30
2494.7 2006.94 96.72 4.82
2496.8 1904.99 129.47 6.80
2499.0 1832.32 113.73 6.21
2501.2 1746.71 84.41 4.83
2503.4 1694.26 107.15 6.32
2505.6 1677.54 142.63 8.50
