/*** Spectra Vista SIG Data ***/
name= \My Documents\varunmtech14\mango2.
instrument= HR: 1031044
integration= 10, 19.2, 30, 50, 38.4, 30
scan time= 5, 5
scan settings= AD, AI, AD, AI
external data set1= 8224, 8224, 8224, 8224, 8224, 8224, 8224, 8224, 8224, 8224, 8224, 8224, 8224, 8224, 8224, 8224
external data set2= 8224, 8224, 8224, 8224, 8224, 8224, 8224, 8224, 8224, 8224, 8224, 8224, 8224, 8224, 8224, 8224
external data dark= 0,0,0,0,0,0,0,0
external data mask= 0
optic= LENS 4, LENS 4
temp= 42.25, 9.08, -5.03, 42.97, 9.01, -5.03
battery= 7.4, 7.3
error= 0, 0
units= Radiance, Radiance
time= 1/2/08 05:36:00 AM, 1/2/08 05:40:33 AM
longitude= , 
latitude= , 
gpstime= , 
comm= 
memory slot= 0, 0
factors= 
data= 
341.6 78858.45 3705.30 4.70
343.1 81957.00 3808.59 4.65
344.7 84575.75 3881.91 4.59
346.3 86915.15 3925.68 4.52
347.9 89983.50 4000.86 4.45
349.5 95820.90 4196.22 4.38
351.1 104004.75 4545.00 4.37
352.6 111055.05 4855.13 4.37
354.2 116874.00 5108.40 4.37
355.8 120174.20 5295.51 4.41
357.4 121626.60 5322.28 4.38
358.9 120203.00 5214.44 4.34
360.5 120556.65 5131.75 4.26
362.1 124916.00 5236.00 4.19
363.6 132362.75 5479.10 4.14
365.2 143556.80 5910.72 4.12
366.8 159077.50 6508.45 4.09
368.3 171715.20 7010.55 4.08
369.9 177357.05 7246.07 4.09
371.5 178705.60 7287.38 4.08
373.0 177832.85 7230.86 4.07
374.6 174881.00 7038.40 4.02
376.1 172634.35 6850.69 3.97
377.7 170164.80 6669.00 3.92
379.3 170078.85 6631.92 3.90
380.8 179102.90 7017.44 3.92
382.4 191560.20 7547.28 3.94
383.9 194341.95 7715.64 3.97
385.5 190117.60 7549.92 3.97
387.0 187398.20 7409.92 3.95
388.6 192111.90 7528.38 3.92
390.1 194620.80 7558.24 3.88
391.7 190799.05 7354.23 3.85
393.2 183982.50 7019.64 3.82
394.8 185649.00 7011.00 3.78
396.3 197898.75 7388.22 3.73
397.9 220210.55 8137.87 3.70
399.4 249750.00 9136.80 3.66
401.0 283679.20 10335.16 3.64
402.5 313386.50 11388.30 3.63
404.1 336355.70 12215.22 3.63
405.6 348120.20 12602.80 3.62
407.1 352959.40 12755.08 3.61
408.7 352468.90 12717.95 3.61
410.2 346736.20 12470.08 3.60
411.7 337915.20 12100.44 3.58
413.3 331646.25 11846.25 3.57
414.8 329739.85 11772.86 3.57
416.4 333218.05 11887.92 3.57
417.9 339404.00 12129.52 3.57
419.4 350020.80 12548.08 3.58
420.9 364764.75 13139.40 3.60
422.5 380055.00 13747.50 3.62
424.0 388807.65 14148.75 3.64
425.5 387136.40 14161.84 3.66
427.1 377022.40 13860.96 3.68
428.6 363373.60 13458.67 3.70
430.1 350147.30 13039.00 3.72
431.6 341239.50 12754.68 3.74
433.2 338283.15 12666.39 3.74
434.7 340601.25 12771.00 3.75
436.2 347323.25 13070.25 3.76
437.8 357885.15 13535.62 3.78
439.3 370063.25 14073.20 3.80
440.8 385254.00 14718.60 3.82
442.3 402683.60 15463.80 3.84
443.8 421132.95 16252.98 3.86
445.4 439132.05 17024.58 3.88
446.9 454346.90 17692.38 3.89
448.4 466637.15 18235.06 3.91
449.9 473791.50 18582.20 3.92
451.4 475673.00 18716.50 3.93
452.9 472109.85 18636.27 3.95
454.5 466864.20 18457.32 3.95
456.0 460278.00 18217.23 3.96
457.5 454702.20 18009.60 3.96
459.0 450933.00 17884.72 3.97
460.5 447315.10 17761.20 3.97
462.0 444076.80 17649.03 3.97
463.6 443388.75 17649.10 3.98
465.1 448851.00 17887.74 3.99
466.6 464456.30 18556.30 4.00
468.1 482004.00 19288.80 4.00
469.6 488718.30 19581.38 4.01
471.1 488893.60 19604.00 4.01
472.6 490944.00 19691.52 4.01
474.1 495609.75 19891.90 4.01
475.6 499335.05 20054.90 4.02
477.1 499225.10 20050.91 4.02
478.6 495947.80 19907.96 4.01
480.1 490140.00 19660.06 4.01
481.6 479212.50 19192.50 4.01
483.1 464928.75 18611.45 4.00
484.7 451025.75 18054.61 4.00
486.2 440216.70 17635.80 4.01
487.7 433361.90 17356.76 4.01
489.2 432659.90 17332.84 4.01
490.7 438876.90 17600.22 4.01
492.2 449600.70 18077.16 4.02
493.7 461502.40 18616.96 4.03
495.2 472468.75 19137.50 4.05
496.7 480718.50 19575.75 4.07
498.1 486209.65 19936.63 4.10
499.6 489003.00 20217.00 4.13
501.1 490009.25 20470.23 4.18
502.6 489350.80 20670.60 4.22
504.1 487097.60 20831.80 4.28
505.6 483726.60 20986.56 4.34
507.1 480240.80 21188.43 4.41
508.6 475012.50 21360.00 4.50
510.1 467691.20 21476.48 4.59
511.6 459836.45 21627.52 4.70
513.1 450065.00 21728.00 4.83
514.6 441492.70 21960.40 4.97
516.1 433576.90 22335.88 5.15
517.5 425770.80 22791.86 5.35
519.0 420903.00 23457.96 5.57
520.5 420133.70 24408.16 5.81
522.0 424473.00 25686.50 6.05
523.5 431515.35 27164.97 6.30
525.0 439538.40 28775.25 6.55
526.5 448960.00 30538.25 6.80
528.0 459226.50 32361.50 7.05
529.4 469090.00 34166.10 7.28
530.9 478701.70 35954.14 7.51
532.4 486816.00 37620.00 7.73
533.9 491795.75 39003.90 7.93
535.4 492955.75 40002.06 8.11
536.8 490075.60 40609.16 8.29
538.3 484476.70 40891.14 8.44
539.8 477723.40 40999.31 8.58
541.3 469724.40 40889.52 8.71
542.8 462838.10 40800.22 8.82
544.2 456828.05 40744.41 8.92
545.7 452500.75 40768.13 9.01
547.2 448729.00 40801.44 9.09
548.6 445243.50 40828.50 9.17
550.1 442273.10 40840.52 9.23
551.6 441145.60 40966.10 9.29
553.1 440131.60 41043.52 9.33
554.5 439353.35 41053.35 9.34
556.0 439544.00 41076.00 9.35
557.5 440531.25 41092.20 9.33
558.9 442898.55 41145.59 9.29
560.4 446377.80 41217.12 9.23
561.9 451909.30 41384.80 9.16
563.3 457489.60 41505.44 9.07
564.8 463036.50 41541.96 8.97
566.3 466423.65 41318.86 8.86
567.7 467149.80 40767.87 8.73
569.2 466966.80 40082.40 8.58
570.6 465148.55 39178.89 8.42
572.1 462783.75 38181.00 8.25
573.6 460247.70 37178.46 8.08
575.0 457575.60 36171.52 7.91
576.5 454743.65 35191.18 7.74
577.9 452195.25 34286.07 7.58
579.4 449459.80 33402.80 7.43
580.9 446873.45 32596.51 7.29
582.3 444463.60 31856.00 7.17
583.8 440962.20 31120.47 7.06
585.2 435034.80 30248.16 6.95
586.7 427380.00 29355.60 6.87
588.1 418218.50 28419.66 6.80
589.6 410703.75 27638.25 6.73
591.0 404761.50 26977.81 6.67
592.5 401810.25 26561.85 6.61
593.9 400781.50 26301.38 6.56
595.4 402352.80 26249.28 6.52
596.8 404916.40 26274.16 6.49
598.2 407229.90 26299.00 6.46
599.7 410550.00 26386.75 6.43
601.1 415641.95 26593.93 6.40
602.6 420727.80 26772.00 6.36
604.0 426891.20 26995.20 6.32
605.5 432393.50 27140.30 6.28
606.9 437577.00 27231.16 6.22
608.3 441439.20 27207.96 6.16
609.8 444455.10 27099.54 6.10
611.2 446885.00 26931.25 6.03
612.6 447978.30 26658.72 5.95
614.1 449770.50 26395.68 5.87
615.5 450510.90 26070.66 5.79
616.9 450402.00 25694.52 5.70
618.4 447441.15 25180.56 5.63
619.8 439341.75 24358.95 5.54
621.2 428963.00 23513.84 5.48
622.7 418262.40 22717.68 5.43
624.1 409822.00 22111.14 5.40
625.5 402470.35 21625.04 5.37
626.9 397602.15 21289.95 5.35
628.4 393833.70 21003.48 5.33
629.8 391078.80 20854.58 5.33
631.2 390588.80 20883.04 5.35
632.6 391212.90 20900.88 5.34
634.0 390924.60 20752.20 5.31
635.5 390923.60 20640.88 5.28
636.9 390694.25 20530.30 5.25
638.3 390564.00 20383.20 5.22
639.7 390391.05 20152.72 5.16
641.1 390764.50 20044.08 5.13
642.5 390144.90 19878.39 5.10
644.0 389460.30 19620.72 5.04
645.4 388821.45 19320.84 4.97
646.8 386936.75 18887.76 4.88
648.2 385542.30 18433.14 4.78
649.6 384861.40 17963.68 4.67
651.0 384192.00 17625.60 4.59
652.4 383336.20 17485.65 4.56
653.8 382859.60 17496.98 4.57
655.2 381733.20 17496.64 4.58
656.6 378968.80 17281.88 4.56
658.0 378791.70 17037.30 4.50
659.4 381541.80 16868.43 4.42
660.8 385227.25 16725.05 4.34
662.2 391149.10 16685.44 4.27
663.6 396100.80 16657.92 4.21
665.0 399422.40 16587.84 4.15
666.4 400270.80 16425.78 4.10
667.8 399284.10 16221.06 4.06
669.2 396336.20 15958.67 4.03
670.6 392367.30 15691.00 4.00
672.0 388314.00 15449.94 3.98
673.4 384214.25 15241.03 3.97
674.8 381171.60 15087.76 3.96
676.1 378246.40 14972.16 3.96
677.5 376091.45 14926.31 3.97
678.9 374160.70 14897.71 3.98
680.3 372169.60 14911.20 4.01
681.7 369536.60 14929.90 4.04
683.1 363420.60 14841.84 4.08
684.4 355022.85 14758.01 4.16
685.8 346642.20 14746.68 4.25
687.2 337905.60 14818.56 4.39
688.6 330452.50 15029.35 4.55
689.9 324706.30 15435.36 4.75
691.3 321871.20 16134.72 5.01
692.7 321690.80 17149.60 5.33
694.1 322707.00 18441.50 5.71
695.4 323980.80 19983.36 6.17
696.8 325633.00 21775.60 6.69
698.2 328153.75 23868.56 7.27
699.5 331256.80 26265.52 7.93
700.9 336034.40 29071.72 8.65
702.2 342082.50 32300.00 9.44
703.6 348163.40 35890.40 10.31
705.0 352261.00 39594.10 11.24
706.3 353001.35 43168.71 12.23
707.7 350313.90 46468.80 13.26
709.0 345693.60 49558.08 14.34
710.4 341253.75 52672.46 15.43
711.8 337265.20 55794.60 16.54
713.1 332726.50 58659.90 17.63
714.5 326131.20 61051.26 18.72
715.8 317269.05 62957.16 19.84
717.2 308188.20 64935.24 21.07
718.5 299409.60 67078.55 22.40
719.9 291462.60 69294.50 23.77
721.2 286243.10 72092.28 25.19
722.5 283717.80 75550.50 26.63
723.9 282508.50 79360.56 28.09
725.2 281030.40 83119.68 29.58
726.6 279483.60 86842.47 31.07
727.9 278476.80 90795.04 32.60
729.2 280025.60 95598.56 34.14
730.6 283861.40 101197.70 35.65
731.9 288822.80 107155.44 37.10
733.2 294981.60 113539.08 38.49
734.6 301151.50 119925.60 39.82
735.9 306375.40 125938.89 41.11
737.2 310472.50 131459.12 42.34
738.6 313578.55 136455.21 43.52
739.9 316536.00 141292.80 44.64
741.2 319305.00 145918.50 45.70
742.5 321713.35 150265.01 46.71
743.9 324319.80 154509.04 47.64
745.2 325764.40 158116.92 48.54
746.5 326676.20 161230.84 49.35
747.8 326957.40 163933.65 50.14
749.1 326852.40 166211.76 50.85
750.4 326448.75 168164.55 51.51
751.8 325936.50 169863.25 52.12
753.1 325194.45 171287.64 52.67
754.4 323398.00 171971.30 53.18
755.7 316037.50 169328.55 53.58
757.0 301419.00 162544.77 53.93
758.3 281725.65 153078.48 54.34
759.6 258456.00 141608.72 54.79
760.9 236292.40 130554.96 55.25
762.2 218717.50 121774.04 55.68
763.5 211984.75 118683.60 55.99
764.8 216605.70 121695.95 56.18
766.1 229028.40 128986.11 56.32
767.4 244975.00 138262.25 56.44
768.7 261105.00 147650.50 56.55
770.0 275945.70 156358.86 56.66
771.3 288160.30 163664.98 56.80
772.6 298518.25 169874.79 56.91
773.9 307105.15 175048.29 57.00
775.2 315780.00 180199.80 57.06
776.5 324897.60 185678.02 57.15
777.7 335953.80 192246.60 57.22
779.0 344562.60 197551.02 57.33
780.3 344060.50 197541.75 57.41
781.6 333676.00 191814.40 57.49
782.9 320981.60 184842.04 57.59
784.1 312660.00 180351.36 57.68
785.4 308779.95 178384.71 57.77
786.7 306330.85 177263.28 57.87
788.0 304495.20 176502.24 57.97
789.2 303365.40 176159.07 58.07
790.5 302990.90 176169.28 58.14
791.8 303105.60 176444.94 58.21
793.0 303384.25 176822.95 58.28
794.3 303438.80 176994.20 58.33
795.6 303048.00 176932.80 58.38
796.9 302701.60 176908.68 58.44
798.1 302042.40 176692.56 58.50
799.4 301200.75 176368.50 58.56
800.6 300107.50 175948.74 58.63
801.9 299455.20 175693.12 58.67
803.1 299427.90 175868.16 58.73
804.4 299322.00 175933.44 58.78
805.6 298002.90 175296.81 58.82
806.9 294959.25 173588.70 58.85
808.2 290582.10 171263.88 58.94
809.4 284595.30 167862.42 58.98
810.7 276615.25 163417.07 59.08
811.9 266759.85 157797.36 59.15
813.1 256134.55 151747.01 59.25
814.4 245643.60 145807.26 59.36
815.6 236679.50 140747.62 59.47
816.9 230763.60 137348.64 59.52
818.1 226187.00 134771.13 59.58
819.4 223938.30 133375.38 59.56
820.6 223176.00 133052.28 59.62
821.8 223395.80 133366.72 59.70
823.1 225078.00 134443.33 59.73
824.3 226060.80 135149.28 59.78
825.5 227350.20 135941.19 59.79
826.8 229344.50 137220.30 59.83
828.0 230912.15 138242.72 59.87
829.2 231978.60 138995.64 59.92
830.4 232696.50 139554.30 59.97
831.6 234511.20 140722.56 60.01
832.9 237395.00 142452.80 60.01
834.1 240729.05 144563.59 60.05
835.3 244286.90 146729.44 60.06
836.5 248298.80 149199.92 60.09
837.8 252317.60 151658.48 60.11
839.0 255884.85 153847.11 60.12
840.2 258927.55 155785.56 60.17
841.4 261920.00 157712.00 60.21
842.6 264776.70 159495.48 60.24
843.8 267073.40 160960.36 60.27
845.0 268384.90 161868.36 60.31
846.2 268450.00 161945.56 60.33
847.4 267587.10 161631.91 60.40
848.6 266106.75 160850.46 60.45
849.8 263989.90 159604.98 60.46
851.0 261284.25 158092.65 60.51
852.2 258420.40 156521.12 60.57
853.4 257542.50 156147.00 60.63
854.6 257649.25 156264.75 60.65
855.8 258216.40 156697.84 60.68
857.0 260074.65 157891.58 60.71
858.2 262732.40 159570.76 60.74
859.4 264743.40 160975.84 60.80
860.6 266115.00 161929.80 60.85
861.8 266453.15 162232.26 60.89
863.0 265977.75 161971.75 60.90
864.1 264271.80 161134.05 60.97
865.3 263375.15 160647.66 61.00
866.5 262510.20 160308.72 61.07
867.7 262032.00 160038.80 61.08
868.9 262289.75 160231.65 61.09
870.0 263015.05 160796.58 61.14
871.2 263642.80 161264.72 61.17
872.4 264022.15 161633.92 61.22
873.6 264003.60 161746.68 61.27
874.7 264236.80 161946.88 61.29
875.9 264557.15 162255.06 61.33
877.1 264939.50 162504.78 61.34
878.2 264786.20 162588.48 61.40
879.4 264525.80 162498.28 61.43
880.6 263431.35 161891.04 61.45
881.7 261473.35 160749.39 61.48
882.9 258967.50 159382.08 61.55
884.0 256632.05 157995.83 61.57
885.2 254760.00 156822.15 61.56
886.4 252698.80 155733.66 61.63
887.5 250402.80 154415.06 61.67
888.7 248235.00 153149.88 61.70
889.8 245464.20 151461.72 61.70
891.0 241120.00 148982.02 61.79
892.1 235528.20 145637.98 61.83
893.3 227947.50 141127.90 61.91
894.4 218620.50 135575.72 62.01
895.5 208927.50 129675.90 62.07
896.7 199080.00 123619.20 62.10
897.8 190383.30 118343.79 62.16
899.0 184126.80 114596.40 62.24
900.1 180426.40 112413.28 62.30
901.2 179688.60 111777.12 62.21
902.4 180177.00 112073.40 62.20
903.5 180315.30 112222.11 62.24
904.6 179752.35 111853.38 62.23
905.8 178132.50 110985.03 62.30
906.9 175582.50 109529.22 62.38
908.0 172135.00 107502.20 62.45
909.2 169079.95 105679.34 62.50
910.3 166357.20 103982.08 62.51
911.4 163771.20 102401.60 62.53
912.5 161909.90 101216.20 62.51
913.6 159720.00 100079.10 62.66
914.8 158601.00 99317.04 62.62
915.9 158174.90 99252.01 62.75
917.0 159818.75 100165.26 62.67
918.1 162295.65 101639.70 62.63
919.2 164529.60 102930.88 62.56
920.3 166835.90 104444.34 62.60
921.5 168587.00 105556.40 62.61
922.6 168941.10 105763.98 62.60
923.7 167772.00 105173.20 62.69
924.8 164842.15 103419.04 62.74
925.9 159005.80 99749.88 62.73
927.0 151034.25 94691.75 62.70
928.1 140275.20 88037.30 62.76
929.2 126971.25 79931.25 62.95
930.3 112725.90 70967.34 62.96
931.4 98498.40 62158.46 63.11
932.5 85819.20 54088.68 63.03
933.5 75430.00 47538.00 63.02
934.6 67793.65 42558.28 62.78
935.7 62872.20 39547.39 62.90
936.8 62423.40 38867.40 62.26
937.9 63154.80 39163.92 62.01
939.0 63981.60 39757.12 62.14
940.1 65484.00 40759.20 62.24
941.1 66844.85 41596.95 62.23
942.2 67264.00 41829.80 62.19
943.3 67362.75 41957.37 62.29
944.4 67238.40 41779.20 62.14
945.4 67542.25 41898.34 62.03
946.5 68055.70 42320.73 62.19
947.6 68710.20 42558.96 61.94
948.7 70040.75 43336.25 61.87
949.7 70968.15 43727.85 61.62
950.8 71765.40 44084.46 61.43
951.9 73044.90 44724.42 61.23
952.9 74132.25 45447.40 61.31
954.0 75588.50 46135.05 61.03
955.0 77861.80 47357.04 60.82
956.1 80608.75 48802.45 60.54
957.1 82349.40 49745.76 60.41
958.2 84709.25 51284.99 60.54
959.2 88205.00 53277.00 60.40
960.3 91672.10 55063.97 60.07
961.4 95114.25 57193.29 60.13
962.4 99510.00 59513.40 59.81
963.4 104501.20 62370.02 59.68
964.5 109818.10 65481.60 59.63
965.5 116545.10 69574.96 59.70
966.6 124004.65 73893.68 59.59
967.6 131940.90 78337.56 59.37
968.6 139297.80 82800.48 59.44
969.7 146819.40 86962.26 59.23
970.7 151824.75 90174.70 59.39
971.7 155500.85 92087.69 59.22
972.8 157704.30 93634.12 59.37
973.8 159264.05 94530.92 59.35
974.8 160435.70 95098.14 59.27
975.8 161703.75 95813.25 59.25
976.9 162932.90 96711.94 59.36
977.9 164544.70 97637.12 59.34
978.9 167397.75 99303.75 59.32
979.9 170625.60 100840.32 59.10
980.9 172758.80 102671.60 59.43
981.9 176316.25 104635.68 59.35
982.9 180481.50 106818.31 59.19
983.9 184536.00 109183.80 59.17
984.9 188791.50 111518.70 59.07
985.9 192603.60 113880.70 59.13
986.9 196061.25 116196.30 59.27
987.9 198890.40 118159.36 59.41
988.9 201542.90 119869.62 59.48
989.9 204093.50 121347.90 59.46
990.9 207858.20 122772.32 59.07
991.9 208539.00 124101.15 59.51
992.9 211582.00 125437.90 59.29
993.9 213198.70 126323.08 59.25
994.9 214837.10 127695.31 59.44
995.9 215535.60 128551.59 59.64
996.8 216915.75 129330.90 59.62
997.8 218677.50 130623.36 59.73
998.8 220030.50 131082.00 59.57
999.8 221337.60 131796.48 59.55
1000.7 224353.20 132802.62 59.19
1001.7 225095.25 133491.27 59.30
1002.6 225626.30 134098.65 59.43
1003.6 228251.80 134621.98 58.98
1004.6 229563.00 135187.10 58.89
1005.5 230297.00 135931.40 59.02
1006.5 234292.50 138076.38 58.93
1007.5 239668.05 138938.00 57.97
1008.4 240687.10 139753.80 58.06
1009.4 244375.60 141388.74 57.86
1010.3 250948.05 142695.95 56.86
1011.2 250287.75 143498.31 57.33
1012.2 259142.55 145372.65 56.10
1013.1 258764.40 145195.58 56.11
1014.0 262808.70 146535.76 55.76
988.9 144077.99 89637.43 62.21
992.7 147199.28 91670.14 62.28
996.6 151126.00 94583.33 62.59
1000.4 153115.84 96356.40 62.93
1004.3 154005.86 97406.64 63.25
1008.1 154684.12 98323.94 63.56
1012.0 156617.30 100055.18 63.89
1015.8 159177.77 102203.28 64.21
1019.6 162420.03 104801.05 64.52
1023.5 166472.55 107959.11 64.85
1027.3 170176.53 110884.49 65.16
1031.2 172877.14 113183.83 65.47
1035.0 174287.78 114635.81 65.77
1038.8 174807.28 115526.23 66.09
1042.7 174967.10 116209.13 66.42
1046.5 174661.99 116541.79 66.72
1050.3 174135.44 116685.69 67.01
1054.2 173127.28 116420.93 67.25
1058.0 171239.71 115490.09 67.44
1061.8 168629.54 114069.38 67.64
1065.6 165707.44 112389.84 67.82
1069.5 162391.11 110408.88 67.99
1073.3 159076.18 108385.37 68.13
1077.1 155899.50 106393.50 68.24
1080.9 152673.98 104370.81 68.36
1084.7 149221.99 102170.67 68.47
1088.5 145002.00 99429.00 68.57
1092.3 139787.59 95970.64 68.65
1096.2 133525.14 91757.97 68.72
1100.0 125652.15 86424.41 68.78
1103.8 115656.50 79634.85 68.85
1107.6 103401.56 71273.67 68.93
1111.4 89406.19 61682.76 68.99
1115.2 74963.28 51730.86 69.01
1119.0 61098.43 42106.21 68.92
1122.8 49322.03 33845.92 68.62
1126.6 41028.81 27885.14 67.96
1130.4 36470.08 24425.42 66.97
1134.2 34680.04 22855.10 65.90
1138.0 34471.94 22340.47 64.81
1141.8 35273.62 22482.28 63.74
1145.6 37105.14 23221.90 62.58
1149.4 40274.38 24670.11 61.26
1153.2 45244.89 27153.84 60.02
1156.9 52137.23 30744.55 58.97
1160.7 60489.19 35209.13 58.21
1164.5 69326.03 39958.53 57.64
1168.3 77379.84 44317.55 57.27
1172.1 83948.25 47861.53 57.01
1175.8 88781.55 50439.68 56.81
1179.6 92268.32 52266.90 56.65
1183.4 94736.50 53523.63 56.50
1187.2 96515.65 54372.11 56.34
1190.9 97758.74 54955.75 56.22
1194.7 98702.08 55415.45 56.14
1198.5 99430.39 55774.48 56.09
1202.2 99909.43 56028.33 56.08
1206.0 100448.67 56361.78 56.11
1209.8 101314.16 56951.03 56.21
1213.5 102635.81 57821.21 56.34
1217.3 104296.61 58894.78 56.47
1221.0 106210.44 60150.35 56.63
1224.8 108152.73 61440.71 56.81
1228.5 110053.52 62711.37 56.98
1232.3 111728.75 63863.36 57.16
1236.0 113002.74 64797.36 57.34
1239.8 113734.82 65456.53 57.55
1243.5 113758.71 65757.89 57.80
1247.3 113032.13 65651.75 58.08
1251.0 111403.53 65028.41 58.37
1254.8 108922.87 63867.14 58.64
1258.5 105902.36 62349.75 58.87
1262.2 102847.00 60790.50 59.11
1266.0 100308.25 59480.42 59.30
1269.7 98556.17 58528.48 59.39
1273.4 97696.34 58034.20 59.40
1277.2 97710.53 58025.55 59.39
1280.9 98039.33 58153.59 59.32
1284.6 98089.17 58080.63 59.21
1288.3 97577.64 57619.61 59.05
1292.1 96188.44 56590.86 58.83
1295.8 93973.36 55045.83 58.58
1299.5 90878.79 52954.09 58.27
1303.2 87110.89 50427.14 57.89
1306.9 82880.46 47588.97 57.42
1310.6 78509.51 44648.10 56.87
1314.3 73979.47 41610.42 56.25
1318.0 69107.85 38399.91 55.57
1321.8 63944.50 35048.03 54.81
1325.5 58610.61 31630.93 53.97
1329.2 53188.75 28236.97 53.09
1332.8 47460.49 24777.34 52.21
1336.5 41356.94 21239.44 51.36
1340.2 35097.16 17756.98 50.59
1343.9 28851.56 14421.93 49.99
1347.6 22691.65 11253.24 49.59
1351.3 16908.66 8325.94 49.24
1355.0 12054.93 5877.96 48.76
1358.7 8436.26 4071.17 48.26
1362.3 6008.44 2872.73 47.81
1366.0 4434.36 2078.11 46.86
1369.7 3419.11 1559.87 45.62
1373.4 2776.77 1247.59 44.93
1377.1 2374.76 1050.23 44.22
1380.7 2117.53 917.07 43.31
1384.4 2008.00 835.36 41.60
1388.1 1981.20 795.60 40.16
1391.7 1982.63 758.06 38.24
1395.4 2053.75 740.13 36.04
1399.0 2201.63 741.60 33.68
1402.7 2383.16 740.40 31.07
1406.4 2583.69 755.83 29.25
1410.0 2790.79 774.79 27.76
1413.7 3031.34 788.61 26.02
1417.3 3338.63 825.06 24.71
1421.0 3668.84 854.02 23.28
1424.6 3970.35 868.28 21.87
1428.2 4305.79 897.04 20.83
1431.9 4689.45 934.83 19.93
1435.5 5085.57 965.57 18.99
1439.2 5597.35 998.16 17.83
1442.8 6418.56 1079.97 16.83
1446.4 7611.47 1194.78 15.70
1450.0 9131.44 1333.25 14.60
1453.7 10649.23 1475.91 13.86
1457.3 11880.69 1607.03 13.53
1460.9 12766.18 1715.03 13.43
1464.5 13257.49 1778.54 13.42
1468.1 13462.27 1808.87 13.44
1471.8 13718.38 1867.94 13.62
1475.4 14402.85 1982.84 13.77
1479.0 15824.09 2175.91 13.75
1482.6 18045.03 2466.83 13.67
1486.2 21101.34 2891.11 13.70
1489.8 24691.91 3413.40 13.82
1493.4 28680.00 4003.25 13.96
1497.0 32797.69 4634.21 14.13
1500.6 36840.80 5295.45 14.37
1504.2 40533.08 5954.85 14.69
1507.7 43795.90 6583.14 15.03
1511.3 46724.42 7183.22 15.37
1514.9 49415.85 7774.08 15.73
1518.5 51856.64 8383.01 16.17
1522.1 53901.60 8939.20 16.58
1525.7 55685.14 9458.91 16.99
1529.2 57198.56 9970.80 17.43
1532.8 58422.20 10458.80 17.90
1536.4 59410.75 10895.94 18.34
1539.9 60185.69 11291.78 18.76
1543.5 60767.58 11666.90 19.20
1547.0 61157.05 12035.48 19.68
1550.6 61369.70 12372.98 20.16
1554.2 61401.45 12645.21 20.59
1557.7 61236.28 12883.59 21.04
1561.3 60792.58 13049.91 21.47
1564.8 60066.96 13114.63 21.83
1568.4 59170.65 13121.56 22.18
1571.9 58251.93 13120.58 22.52
1575.5 57473.44 13134.09 22.85
1579.0 56946.46 13186.88 23.16
1582.5 56705.94 13308.30 23.47
1586.0 56624.43 13464.91 23.78
1589.6 56533.63 13630.22 24.11
1593.1 56247.26 13751.39 24.45
1596.6 55851.95 13834.49 24.77
1600.2 55420.60 13896.18 25.07
1603.7 55049.03 13979.83 25.40
1607.2 54752.97 14090.03 25.73
1610.7 54603.13 14211.02 26.03
1614.2 54631.46 14368.57 26.30
1617.7 54742.87 14548.67 26.58
1621.2 54848.25 14710.40 26.82
1624.7 54879.69 14818.32 27.00
1628.2 54705.06 14883.95 27.21
1631.7 54331.83 14913.35 27.45
1635.2 53841.94 14887.38 27.65
1638.7 53266.68 14809.37 27.80
1642.2 52676.45 14714.46 27.93
1645.7 52224.58 14639.95 28.03
1649.2 51812.50 14559.67 28.10
1652.6 51431.63 14474.45 28.14
1656.1 51050.67 14390.93 28.19
1659.6 50702.78 14308.25 28.22
1663.1 50310.87 14191.96 28.21
1666.5 49845.11 14064.79 28.22
1670.0 49359.96 13953.39 28.27
1673.5 48917.34 13857.12 28.33
1676.9 48542.86 13752.69 28.33
1680.4 48137.02 13613.79 28.28
1683.8 47690.46 13485.24 28.28
1687.3 47282.45 13359.32 28.25
1690.7 46828.59 13180.04 28.15
1694.2 46315.88 12979.46 28.02
1697.6 45796.56 12770.03 27.88
1701.1 45205.53 12546.18 27.75
1704.5 44654.26 12321.22 27.59
1707.9 44099.62 12078.79 27.39
1711.4 43455.99 11820.17 27.20
1714.8 42766.57 11545.50 27.00
1718.2 42045.78 11259.61 26.78
1721.6 41235.97 10950.16 26.55
1725.1 40316.26 10620.15 26.34
1728.5 39362.78 10308.46 26.19
1731.9 38398.28 9983.73 26.00
1735.3 37444.23 9653.31 25.78
1738.7 36597.30 9370.97 25.61
1742.1 35759.07 9103.43 25.46
1745.5 35038.94 8852.59 25.27
1748.9 34339.80 8598.25 25.04
1752.3 33582.80 8337.89 24.83
1755.7 32766.22 8088.88 24.69
1759.1 31800.52 7801.99 24.53
1762.5 30596.32 7461.75 24.39
1765.8 29185.20 7078.50 24.25
1769.2 27581.73 6658.91 24.14
1772.6 25824.57 6207.74 24.04
1776.0 24018.75 5750.78 23.94
1779.3 22108.45 5288.40 23.92
1782.7 20121.20 4813.00 23.92
1786.1 18085.64 4326.24 23.92
1789.4 15981.81 3820.32 23.90
1792.8 13804.42 3317.38 24.03
1796.1 11640.50 2816.25 24.19
1799.5 9538.10 2342.11 24.56
1802.8 7634.33 1908.58 25.00
1806.2 6063.44 1546.80 25.51
1809.5 4792.38 1257.88 26.25
1812.9 3771.57 1012.47 26.84
1816.2 2988.59 819.45 27.42
1819.5 2392.04 697.28 29.15
1822.9 1973.54 602.76 30.54
1826.2 1684.05 530.52 31.50
1829.5 1464.38 473.48 32.33
1832.8 1285.03 426.71 33.21
1836.1 1201.32 428.34 35.66
1839.5 1134.55 409.42 36.09
1842.8 1045.76 374.89 35.85
1846.1 976.70 345.30 35.35
1849.4 960.00 326.60 34.02
1852.7 904.60 323.07 35.71
1856.0 871.09 305.38 35.06
1859.3 846.04 292.08 34.52
1862.5 823.67 299.98 36.42
1865.8 815.10 292.60 35.90
1869.1 792.05 276.68 34.93
1872.4 793.43 279.38 35.21
1875.7 821.93 285.39 34.72
1878.9 834.47 299.70 35.92
1882.2 839.80 277.88 33.09
1885.5 889.63 278.84 31.34
1888.7 972.13 319.21 32.84
1892.0 1044.88 353.65 33.85
1895.2 1133.61 395.86 34.92
1898.5 1267.09 452.53 35.71
1901.8 1404.51 468.17 33.33
1905.0 1507.18 486.19 32.26
1870.5 3462.86 591.22 17.07
1873.3 2415.60 0.00 0.00
1876.1 1908.73 143.16 7.50
1878.8 1562.33 72.67 4.65
1881.6 1187.59 82.86 6.98
1884.4 897.05 64.08 7.14
1887.2 783.84 17.04 2.17
1890.0 697.50 139.50 20.00
1892.8 597.81 117.22 19.61
1895.5 476.66 50.71 10.64
1898.3 443.04 54.25 12.24
1901.1 436.99 65.96 15.09
1903.8 396.33 53.35 13.46
1906.6 349.45 7.13 2.04
1909.3 344.76 20.28 5.88
1912.1 382.71 71.35 18.64
1914.9 382.78 87.85 22.95
1917.6 340.76 30.43 8.93
1920.4 342.59 0.00 0.00
1923.1 389.98 28.68 7.35
1925.9 385.47 44.05 11.43
1928.6 403.22 36.66 9.09
1931.4 472.63 29.85 6.32
1934.1 551.85 23.58 4.27
1936.8 651.65 8.93 1.37
1939.6 772.19 0.00 0.00
1942.3 954.28 31.16 3.27
1945.0 1118.55 47.21 4.22
1947.8 1314.13 40.96 3.12
1950.5 1564.92 54.74 3.50
1953.2 1864.50 70.65 3.79
1955.9 2294.91 83.02 3.62
1958.7 2872.13 92.00 3.20
1961.4 3677.36 109.40 2.97
1964.1 4733.30 162.74 3.44
1966.8 5977.62 201.16 3.37
1969.5 7426.31 244.94 3.30
1972.2 9004.05 296.93 3.30
1974.9 10614.73 343.36 3.23
1977.6 12234.52 413.92 3.38
1980.3 13781.19 471.11 3.42
1983.0 15132.05 510.49 3.37
1985.7 16184.17 550.72 3.40
1988.4 16887.41 597.39 3.54
1991.1 16969.40 621.86 3.66
1993.8 16632.12 607.53 3.65
1996.5 15836.35 584.97 3.69
1999.1 14567.58 545.79 3.75
2001.8 13204.25 485.93 3.68
2004.5 11811.96 444.55 3.76
2007.2 10557.87 405.07 3.84
2009.8 9622.29 386.77 4.02
2012.5 9134.38 383.43 4.20
2015.2 9138.97 377.97 4.14
2017.8 9519.82 417.91 4.39
2020.5 10504.22 483.92 4.61
2023.2 12050.92 564.56 4.68
2025.8 13660.40 634.40 4.64
2028.5 15509.89 740.05 4.77
2031.2 17438.22 864.30 4.96
2033.8 19111.14 945.64 4.95
2036.5 20428.44 1008.78 4.94
2039.1 21384.70 1062.27 4.97
2041.7 21789.50 1093.21 5.02
2044.4 21797.01 1110.12 5.09
2047.0 21629.12 1117.95 5.17
2049.7 21079.72 1099.37 5.22
2052.3 20322.50 1074.74 5.29
2054.9 19480.38 1038.95 5.33
2057.6 18733.87 1011.32 5.40
2060.2 18160.20 1000.35 5.51
2062.8 17756.05 994.54 5.60
2065.4 17585.38 1001.65 5.70
2068.1 17683.95 1006.17 5.69
2070.7 17980.65 1043.96 5.81
2073.3 18446.57 1095.53 5.94
2075.9 19044.14 1146.62 6.02
2078.5 19697.70 1186.52 6.02
2081.1 20403.83 1242.40 6.09
2083.7 21063.23 1308.85 6.21
2086.3 21558.23 1340.76 6.22
2088.9 21962.01 1387.35 6.32
2091.6 22263.44 1417.49 6.37
2094.1 22452.76 1443.15 6.43
2096.7 22557.00 1480.63 6.56
2099.3 22576.68 1476.71 6.54
2101.9 22619.67 1490.58 6.59
2104.5 22648.90 1520.23 6.71
2107.1 22615.23 1528.72 6.76
2109.7 22603.98 1537.23 6.80
2112.3 22590.56 1549.98 6.86
2114.8 22566.06 1566.76 6.94
2117.4 22586.25 1585.00 7.02
2120.0 22603.81 1579.05 6.99
2122.6 22616.00 1600.00 7.07
2125.1 22635.95 1633.14 7.21
2127.7 22694.48 1640.92 7.23
2130.3 22744.58 1646.67 7.24
2132.8 22746.27 1661.58 7.30
2135.4 22751.03 1684.05 7.40
2137.9 22719.65 1684.76 7.42
2140.5 22610.01 1677.24 7.42
2143.0 22530.58 1677.93 7.45
2145.6 22293.13 1682.71 7.55
2148.1 22010.72 1670.38 7.59
2150.7 21691.29 1654.68 7.63
2153.2 21388.33 1653.67 7.73
2155.8 21020.65 1629.55 7.75
2158.3 20638.40 1605.78 7.78
2160.8 20251.58 1584.79 7.83
2163.4 19946.41 1572.37 7.88
2165.9 19681.29 1561.92 7.94
2168.4 19494.43 1557.51 7.99
2171.0 19343.79 1544.06 7.98
2173.5 19187.77 1549.44 8.08
2176.0 19058.03 1548.67 8.13
2178.5 18960.30 1550.76 8.18
2181.1 18823.57 1548.84 8.23
2183.6 18648.90 1536.30 8.24
2186.1 18518.43 1549.97 8.37
2188.6 18353.43 1531.03 8.34
2191.1 18159.38 1524.79 8.40
2193.6 18002.29 1530.21 8.50
2196.1 17892.16 1515.04 8.47
2198.6 17840.57 1527.87 8.56
2201.1 17807.67 1530.67 8.60
2203.6 17768.74 1529.85 8.61
2206.1 17684.66 1533.61 8.67
2208.6 17673.88 1545.64 8.75
2211.1 17729.02 1543.83 8.71
2213.6 17775.63 1550.31 8.72
2216.0 17885.71 1581.03 8.84
2218.5 17897.60 1582.00 8.84
2221.0 17891.89 1564.24 8.74
2223.5 17878.33 1572.50 8.80
2225.9 17826.75 1587.45 8.90
2228.4 17854.29 1582.75 8.86
2230.9 17835.70 1566.24 8.78
2233.3 17652.82 1542.79 8.74
2235.8 17546.57 1546.36 8.81
2238.3 17507.56 1533.47 8.76
2240.7 17349.07 1497.26 8.63
2243.2 17177.73 1466.64 8.54
2245.7 17036.24 1449.15 8.51
2248.1 16847.50 1418.12 8.42
2250.6 16654.80 1383.75 8.31
2253.0 16500.00 1358.13 8.23
2255.4 16273.69 1321.56 8.12
2257.9 16044.36 1284.02 8.00
2260.3 15847.29 1253.04 7.91
2262.8 15643.60 1216.56 7.78
2265.2 15483.23 1186.00 7.66
2267.6 15339.10 1154.30 7.53
2270.1 15191.13 1124.72 7.40
2272.5 15091.81 1117.14 7.40
2274.9 14994.95 1105.84 7.37
2277.3 14871.33 1074.53 7.23
2279.8 14761.19 1045.93 7.09
2282.2 14658.30 1021.75 6.97
2284.6 14554.87 1022.31 7.02
2287.0 14440.89 1002.63 6.94
2289.4 14263.88 970.84 6.81
2291.8 14092.32 948.28 6.73
2294.3 13981.93 930.02 6.65
2296.7 13894.19 906.91 6.53
2299.1 13780.20 897.45 6.51
2301.5 13733.96 888.25 6.47
2303.9 13703.04 862.13 6.29
2306.3 13671.04 852.80 6.24
2308.7 13494.87 837.43 6.21
2311.0 13379.34 815.49 6.10
2313.4 13335.99 817.57 6.13
2315.8 13140.56 790.16 6.01
2318.2 12875.95 744.45 5.78
2320.6 12513.35 729.72 5.83
2323.0 12359.94 728.85 5.90
2325.3 12406.03 731.16 5.89
2327.7 12328.40 710.60 5.76
2330.1 12206.09 684.74 5.61
2332.5 12101.83 690.17 5.70
2334.8 11851.87 672.93 5.68
2337.2 11558.40 643.28 5.57
2339.6 11243.03 616.95 5.49
2341.9 10903.98 597.72 5.48
2344.3 10549.75 580.72 5.50
2346.6 10160.16 541.32 5.33
2349.0 9866.78 528.45 5.36
2351.3 9561.24 508.95 5.32
2353.7 9385.98 488.82 5.21
2356.0 9357.72 487.20 5.21
2358.4 9223.60 472.83 5.13
2360.7 9128.09 460.24 5.04
2363.1 9002.00 448.00 4.98
2365.4 8770.17 420.80 4.80
2367.7 8512.37 412.23 4.84
2370.1 8244.66 410.64 4.98
2372.4 7985.32 382.66 4.79
2374.7 7667.36 373.03 4.87
2377.0 7421.33 355.67 4.79
2379.3 7234.28 345.01 4.77
2381.7 7036.76 335.95 4.77
2384.0 6865.73 316.77 4.61
2386.3 6754.13 309.04 4.58
2388.6 6703.45 300.27 4.48
2390.9 6693.55 306.32 4.58
2393.2 6711.66 292.47 4.36
2395.5 6724.35 286.88 4.27
2397.8 6669.15 308.40 4.62
2400.2 6562.77 278.28 4.24
2402.4 6454.10 256.30 3.97
2404.7 6276.32 261.19 4.16
2407.0 6059.52 260.37 4.30
2409.3 5777.52 243.39 4.21
2411.6 5468.21 213.41 3.90
2413.9 5215.81 207.66 3.98
2416.2 5028.57 213.81 4.25
2418.5 4936.14 216.06 4.38
2420.8 4887.48 188.63 3.86
2423.0 4886.40 173.16 3.54
2425.3 4996.63 196.11 3.92
2427.6 5086.17 202.41 3.98
2429.8 5062.93 191.55 3.78
2432.1 4996.51 189.13 3.79
2434.4 4963.92 173.16 3.49
2436.6 4939.35 169.86 3.44
2438.9 4779.62 162.48 3.40
2441.2 4545.45 154.70 3.40
2443.4 4346.58 160.48 3.69
2445.7 4116.07 148.16 3.60
2447.9 3857.96 130.62 3.39
2450.2 3607.86 127.17 3.52
2452.4 3465.18 142.60 4.12
2454.7 3418.84 115.08 3.37
2456.9 3384.14 67.88 2.01
2459.1 3372.03 88.35 2.62
2461.4 3391.89 123.79 3.65
2463.6 3371.63 124.88 3.70
2465.8 3222.96 95.98 2.98
2468.1 3000.76 71.45 2.38
2470.3 2813.20 93.60 3.33
2472.5 2621.85 100.64 3.84
2474.8 2418.27 69.40 2.87
2477.0 2171.48 53.62 2.47
2479.2 1913.85 59.64 3.12
2481.4 1662.51 77.07 4.64
2483.6 1416.10 49.98 3.53
2485.8 1182.66 50.45 4.27
2488.0 1012.74 68.66 6.78
2490.2 867.28 23.44 2.70
2492.4 731.85 11.90 1.63
2494.7 652.86 36.27 5.56
2496.8 628.83 30.83 4.90
2499.0 606.56 18.96 3.13
2501.2 558.43 25.97 4.65
2503.4 575.91 40.18 6.98
2505.6 604.46 47.54 7.87
