/*** Spectra Vista SIG Data ***/
name= \My Documents\varunmtech14\rice crop1.
instrument= HR: 1031044
integration= 10, 19.2, 30, 70, 38.4, 30
scan time= 5, 5
scan settings= AD, AI, AD, AI
external data set1= 8224, 8224, 8224, 8224, 8224, 8224, 8224, 8224, 8224, 8224, 8224, 8224, 8224, 8224, 8224, 8224
external data set2= 8224, 8224, 8224, 8224, 8224, 8224, 8224, 8224, 8224, 8224, 8224, 8224, 8224, 8224, 8224, 8224
external data dark= 0,0,0,0,0,0,0,0
external data mask= 0
optic= LENS 4, LENS 4
temp= 37.41, 9.01, -5.10, 37.74, 9.01, -5.10
battery= 7.9, 8.0
error= 0, 0
units= Radiance, Radiance
time= 1/2/08 04:26:29 AM, 1/2/08 04:27:10 AM
longitude= , 
latitude= , 
gpstime= , 
comm= 
memory slot= 0, 0
factors= 
data= 
341.6 94324.05 1104.69 1.17
343.1 98589.45 1124.90 1.14
344.7 102192.45 1124.71 1.10
346.3 105279.60 1104.63 1.05
347.9 108984.00 1075.50 0.99
349.5 115864.70 1102.10 0.95
351.1 125442.00 1168.71 0.93
352.6 133717.70 1255.84 0.94
354.2 141040.00 1314.57 0.93
355.8 145492.80 1349.99 0.93
357.4 148238.00 1365.01 0.92
358.9 147375.65 1318.12 0.89
360.5 148662.85 1274.48 0.86
362.1 154162.80 1250.23 0.81
363.6 162981.25 1255.71 0.77
365.2 176494.40 1321.37 0.75
366.8 195253.50 1441.96 0.74
368.3 210403.05 1545.54 0.73
369.9 217743.50 1600.49 0.74
371.5 220452.40 1621.74 0.74
373.0 220844.00 1602.90 0.73
374.6 218373.00 1529.57 0.70
376.1 216001.80 1453.90 0.67
377.7 212284.80 1393.97 0.66
379.3 211528.35 1368.71 0.65
380.8 221883.40 1438.00 0.65
382.4 236652.00 1564.74 0.66
383.9 240943.05 1621.65 0.67
385.5 237625.60 1626.40 0.68
387.0 236025.80 1606.74 0.68
388.6 242680.50 1614.39 0.67
390.1 247078.40 1629.60 0.66
391.7 242448.70 1558.70 0.64
393.2 234868.60 1473.66 0.63
394.8 237861.00 1457.57 0.61
396.3 253902.75 1523.19 0.60
397.9 282385.15 1652.13 0.59
399.4 319626.00 1836.00 0.57
401.0 361730.60 2069.94 0.57
402.5 398828.50 2295.00 0.58
404.1 427158.00 2506.92 0.59
405.6 442319.70 2645.49 0.60
407.1 450042.60 2738.76 0.61
408.7 451518.55 2810.30 0.62
410.2 445770.20 2812.80 0.63
411.7 435637.20 2776.80 0.64
413.3 427878.75 2771.79 0.65
414.8 425110.90 2785.79 0.66
416.4 428981.85 2861.49 0.67
417.9 435960.80 2959.31 0.68
419.4 448905.60 3101.83 0.69
420.9 467199.00 3294.00 0.71
422.5 486671.25 3510.00 0.72
424.0 498087.45 3660.30 0.73
425.5 496302.80 3731.60 0.75
427.1 484972.80 3713.71 0.77
428.6 469322.60 3656.51 0.78
430.1 454308.85 3582.14 0.79
431.6 444812.40 3532.50 0.79
433.2 442093.05 3534.84 0.80
434.7 445706.25 3571.07 0.80
436.2 454397.25 3650.25 0.80
437.8 467490.10 3776.85 0.81
439.3 482973.50 3926.00 0.81
440.8 502337.25 4114.61 0.82
442.3 525105.35 4328.97 0.82
443.8 549284.55 4576.84 0.83
445.4 572800.95 4830.69 0.84
446.9 592777.00 5053.73 0.85
448.4 609293.90 5262.32 0.86
449.9 619573.50 5427.50 0.88
451.4 623259.45 5530.17 0.89
452.9 619635.75 5554.54 0.90
454.5 613857.00 5556.34 0.91
456.0 606622.80 5533.69 0.91
457.5 600588.00 5518.89 0.92
459.0 596360.80 5499.05 0.92
460.5 591787.30 5476.89 0.93
462.0 587144.55 5446.93 0.93
463.6 585732.00 5443.50 0.93
465.1 592158.45 5526.58 0.93
466.6 612255.00 5733.00 0.94
468.1 635256.00 5960.57 0.94
469.6 644612.50 6063.20 0.94
471.1 645499.40 6107.40 0.95
472.6 648921.60 6154.97 0.95
474.1 655749.75 6246.36 0.95
475.6 661452.15 6323.51 0.96
477.1 662274.25 6349.44 0.96
478.6 659247.20 6345.26 0.96
480.1 652547.50 6290.69 0.96
481.6 638700.00 6176.79 0.97
483.1 620512.75 6021.32 0.97
484.7 602680.40 5873.35 0.97
486.2 588699.80 5763.24 0.98
487.7 579848.25 5699.22 0.98
489.2 579213.75 5730.96 0.99
490.7 587495.70 5863.63 1.00
492.2 601567.05 6068.08 1.01
493.7 616785.60 6305.83 1.02
495.2 631062.50 6558.04 1.04
496.7 641839.50 6800.14 1.06
498.1 649257.80 7041.61 1.08
499.6 653085.00 7274.57 1.11
501.1 654890.50 7527.24 1.15
502.6 654532.35 7795.98 1.19
504.1 652368.20 8073.06 1.24
505.6 648874.80 8386.20 1.29
507.1 645228.95 8743.35 1.36
508.6 638962.50 9107.14 1.43
510.1 629832.00 9478.63 1.50
511.6 619562.30 9860.57 1.59
513.1 606795.00 10230.00 1.69
514.6 595829.30 10687.91 1.79
516.1 585836.90 11211.44 1.91
517.5 576070.95 11766.30 2.04
519.0 570261.60 12419.23 2.18
520.5 569651.35 13202.01 2.32
522.0 575348.90 14116.30 2.45
523.5 584548.65 15122.70 2.59
525.0 594697.95 16187.85 2.72
526.5 606970.00 17323.93 2.85
528.0 620296.50 18488.07 2.98
529.4 633485.00 19637.64 3.10
530.9 646426.40 20768.03 3.21
532.4 657492.00 21813.00 3.32
533.9 664278.75 22678.39 3.41
535.4 665994.00 23325.95 3.50
536.8 662858.20 23736.86 3.58
538.3 656049.20 23954.61 3.65
539.8 647712.45 24068.31 3.72
541.3 637681.80 24035.74 3.77
542.8 629150.80 24021.97 3.82
544.2 621841.85 24017.80 3.86
545.7 616655.00 24070.71 3.90
547.2 612155.20 24124.34 3.94
548.6 607783.50 24169.07 3.98
550.1 604055.30 24209.13 4.01
551.6 602662.20 24316.50 4.03
553.1 601374.00 24382.00 4.05
554.5 600095.85 24401.97 4.07
556.0 600180.00 24436.00 4.07
557.5 601287.00 24459.64 4.07
558.9 604233.60 24511.98 4.06
560.4 608725.20 24570.26 4.04
561.9 616061.30 24688.86 4.01
563.3 623565.00 24759.54 3.97
564.8 631008.90 24777.39 3.93
566.3 635583.55 24623.56 3.87
567.7 636678.90 24284.74 3.81
569.2 636804.00 23856.94 3.75
570.6 634685.40 23303.24 3.67
572.1 631952.75 22696.14 3.59
573.6 628933.80 22075.59 3.51
575.0 625881.80 21474.74 3.43
576.5 622459.70 20876.75 3.35
577.9 619624.20 20340.45 3.28
579.4 616621.60 19815.76 3.21
580.9 613814.20 19340.73 3.15
582.3 611309.40 18906.74 3.09
583.8 606874.05 18450.45 3.04
585.2 598768.80 17926.97 2.99
586.7 588234.00 17374.00 2.95
588.1 575443.50 16795.89 2.92
589.6 565116.75 16304.68 2.89
591.0 556916.60 15900.22 2.86
592.5 552946.50 15634.18 2.83
593.9 551763.10 15462.80 2.80
595.4 554230.40 15425.83 2.78
596.8 557953.60 15434.29 2.77
598.2 561353.60 15449.11 2.75
599.7 566231.25 15516.79 2.74
601.1 573538.00 15644.94 2.73
602.6 580777.80 15759.73 2.71
604.0 589424.80 15907.89 2.70
605.5 597135.00 16015.21 2.68
606.9 604304.10 16083.14 2.66
608.3 609643.20 16082.10 2.64
609.8 613852.20 16026.81 2.61
611.2 617160.00 15935.36 2.58
612.6 618697.20 15774.94 2.55
614.1 621334.80 15648.21 2.52
615.5 622639.50 15458.40 2.48
616.9 623083.80 15236.98 2.45
618.4 619747.15 14921.41 2.41
619.8 609572.25 14431.18 2.37
621.2 595948.40 13901.89 2.33
622.7 581826.40 13407.66 2.30
624.1 570502.70 12998.13 2.28
625.5 560607.35 12658.75 2.26
626.9 553956.15 12436.76 2.25
628.4 549108.90 12287.70 2.24
629.8 545936.25 12167.11 2.23
631.2 545989.60 12134.06 2.22
632.6 547441.70 12166.33 2.22
634.0 547353.00 12266.23 2.24
635.5 547385.60 12643.09 2.31
636.9 547382.00 13329.11 2.44
638.3 547405.20 13611.60 2.49
639.7 547375.85 13516.95 2.47
641.1 547885.10 11979.50 2.19
642.5 546911.10 11392.16 2.08
644.0 545581.05 10952.74 2.01
645.4 544252.45 10649.16 1.96
646.8 541356.95 10376.72 1.92
648.2 539055.00 10132.89 1.88
649.6 537754.10 9911.14 1.84
651.0 536678.40 9704.23 1.81
652.4 535711.15 9510.34 1.78
653.8 535320.35 9352.81 1.75
655.2 533930.00 9165.31 1.72
656.6 530738.60 8940.40 1.68
658.0 531059.90 8753.50 1.65
659.4 535389.30 8628.71 1.61
660.8 540662.50 8511.04 1.57
662.2 548920.70 8446.04 1.54
663.6 556243.20 8356.11 1.50
665.0 561704.40 8252.06 1.47
666.4 563622.60 8089.29 1.44
667.8 562825.80 7907.91 1.41
669.2 559291.85 7700.46 1.38
670.6 554215.35 7496.08 1.35
672.0 548918.10 7324.33 1.33
673.4 543593.70 7164.36 1.32
674.8 539552.40 7051.20 1.31
676.1 535718.40 6969.60 1.30
677.5 532777.70 6927.85 1.30
678.9 530185.80 6934.73 1.31
680.3 527516.40 6969.77 1.32
681.7 523582.10 7033.45 1.34
683.1 514437.60 7102.03 1.38
684.4 502309.30 7197.42 1.43
685.8 490176.00 7386.94 1.51
687.2 477360.00 7682.06 1.61
688.6 466497.50 8113.25 1.74
689.9 458177.70 8705.64 1.90
691.3 454014.40 9520.00 2.10
692.7 453727.20 10581.31 2.33
694.1 454800.50 11819.50 2.60
695.4 456384.00 13248.00 2.90
696.8 458381.00 14833.50 3.24
698.2 461791.20 16609.39 3.60
699.5 466038.30 18562.59 3.98
700.9 472476.80 20783.04 4.40
702.2 480845.00 23253.57 4.84
703.6 489470.80 25939.09 5.30
705.0 495540.50 28652.00 5.78
706.3 496758.60 31177.62 6.28
707.7 492947.30 33429.09 6.78
709.0 486415.20 35470.29 7.29
710.4 480052.80 37468.73 7.81
711.8 474053.40 39394.54 8.31
713.1 467027.50 41092.57 8.80
714.5 457012.80 42407.53 9.28
715.8 443734.20 43408.50 9.78
717.2 430199.40 44471.80 10.34
718.5 416901.80 45605.70 10.94
719.9 405029.90 46833.76 11.56
721.2 397354.10 48498.54 12.21
722.5 393596.10 50639.44 12.87
723.9 391539.90 53026.20 13.54
725.2 389088.00 55368.00 14.23
726.6 386489.40 57733.74 14.94
727.9 384977.60 60376.60 15.68
729.2 387236.00 63666.00 16.44
730.6 392729.60 67523.07 17.19
731.9 399957.60 71675.60 17.92
733.2 408883.80 76178.91 18.63
734.6 417835.00 80739.14 19.32
735.9 425462.00 85054.22 19.99
737.2 431463.50 89049.07 20.64
738.6 435964.90 92723.82 21.27
739.9 440352.00 96322.29 21.87
741.2 444412.50 99802.50 22.46
742.5 447968.50 103078.20 23.01
743.9 451644.20 106271.40 23.53
745.2 453728.60 109001.38 24.02
746.5 454893.30 111376.47 24.48
747.8 455354.40 113441.42 24.91
749.1 455058.30 115208.53 25.32
750.4 454396.80 116741.34 25.69
751.8 453592.50 118080.39 26.03
753.1 452351.00 119207.96 26.35
754.4 449546.50 119711.86 26.63
755.7 438640.75 117681.75 26.83
757.0 417990.15 112822.33 26.99
758.3 389918.70 106067.57 27.20
759.6 356562.80 97864.80 27.45
760.9 324926.40 90025.43 27.71
762.2 299864.15 83828.84 27.96
763.5 290291.25 81796.11 28.18
764.8 297014.65 84170.81 28.34
766.1 314761.50 89474.21 28.43
767.4 337327.50 96174.29 28.51
768.7 360397.00 103058.86 28.60
770.0 381356.75 109440.54 28.70
771.3 398672.45 114828.04 28.80
772.6 413328.85 119460.75 28.90
773.9 425526.30 123365.49 28.99
775.2 437703.00 127264.71 29.08
776.5 450627.70 131412.04 29.16
777.7 466156.60 136336.20 29.25
779.0 478319.70 140376.64 29.35
780.3 477754.55 140638.30 29.44
781.6 463420.00 136757.71 29.51
782.9 445976.70 131907.27 29.58
784.1 434484.00 128711.31 29.62
785.4 428979.20 127279.54 29.67
786.7 425498.90 126460.11 29.72
788.0 422884.80 125906.40 29.77
789.2 421289.85 125696.81 29.84
790.5 420694.80 125768.55 29.90
791.8 420844.20 126051.50 29.95
793.0 421317.00 126430.71 30.01
794.3 421270.20 126656.40 30.07
795.6 420624.00 126720.00 30.13
796.9 420215.00 126782.77 30.17
798.1 419254.00 126732.57 30.23
799.4 418092.60 126599.21 30.28
800.6 416720.70 126379.22 30.33
801.9 415750.80 126325.20 30.38
803.1 415686.90 126560.87 30.45
804.4 415738.80 126766.80 30.49
805.6 413967.45 126421.84 30.54
806.9 409539.25 125279.75 30.59
808.2 403628.40 123644.01 30.63
809.4 395084.25 121139.94 30.66
810.7 383735.45 117793.84 30.70
811.9 369649.35 113584.75 30.73
813.1 354404.20 109057.52 30.77
814.4 339463.50 104622.90 30.82
815.6 326543.10 100818.24 30.87
816.9 317952.00 98354.57 30.93
818.1 311626.25 96453.78 30.95
819.4 308542.70 95526.79 30.96
820.6 307605.45 95377.26 31.01
821.8 307895.20 95694.31 31.08
823.1 310379.30 96555.20 31.11
824.3 311889.20 97103.60 31.13
825.5 313859.70 97793.85 31.16
826.8 316848.00 98865.50 31.20
828.0 319157.30 99729.50 31.25
829.2 320636.40 100320.00 31.29
830.4 321816.00 100828.71 31.33
831.6 324561.60 101805.94 31.37
832.9 328719.00 103230.43 31.40
834.1 333693.20 104881.76 31.43
835.3 338824.20 106604.46 31.46
836.5 344671.20 108575.14 31.50
837.8 350502.40 110533.89 31.54
839.0 355566.90 112284.88 31.58
840.2 360067.40 113874.55 31.63
841.4 364560.00 115428.57 31.66
842.6 368637.60 116865.13 31.70
843.8 371998.00 118099.77 31.75
845.0 374211.80 118904.26 31.77
846.2 374343.20 119073.80 31.81
847.4 373392.80 118939.46 31.85
848.6 371379.75 118426.16 31.89
849.8 368442.10 117571.80 31.91
851.0 364933.50 116519.14 31.93
852.2 360900.40 115424.20 31.98
853.4 359748.75 115217.68 32.03
854.6 359819.00 115294.64 32.04
855.8 360760.40 115665.09 32.06
857.0 363441.10 116596.23 32.08
858.2 367133.00 117883.40 32.11
859.4 370122.20 118924.86 32.13
860.6 372090.00 119634.00 32.15
861.8 372765.75 119910.09 32.17
863.0 372134.25 119785.64 32.19
864.1 369801.15 119209.87 32.24
865.3 368481.25 118945.02 32.28
866.5 367555.80 118717.54 32.30
867.7 366760.00 118538.29 32.32
868.9 367184.00 118719.32 32.33
870.0 368353.85 119154.24 32.35
871.2 369258.40 119506.86 32.36
872.4 369793.20 119755.80 32.38
873.6 369913.40 119853.77 32.40
874.7 370028.80 120036.57 32.44
875.9 370554.80 120284.06 32.46
877.1 371043.60 120510.36 32.48
878.2 370885.20 120578.17 32.51
879.4 370309.10 120547.80 32.55
880.6 368748.75 120106.74 32.57
881.7 366090.70 119262.58 32.58
882.9 362696.40 118263.51 32.61
884.0 359342.25 117219.14 32.62
885.2 356519.25 116379.00 32.64
886.4 353807.50 115490.27 32.64
887.5 350475.75 114474.05 32.66
888.7 347380.80 113521.20 32.68
889.8 343470.60 112178.06 32.66
891.0 337417.30 110226.29 32.67
892.1 329404.75 107591.79 32.66
893.3 318512.50 104160.71 32.70
894.4 305138.40 99807.90 32.71
895.5 291246.50 95241.43 32.70
896.7 276816.00 90556.57 32.71
897.8 264208.65 86490.24 32.74
899.0 255105.75 83510.06 32.74
900.1 249608.80 81780.00 32.76
901.2 247993.20 81244.80 32.76
902.4 248941.80 81374.83 32.69
903.5 249308.40 81396.62 32.65
904.6 248525.70 81096.34 32.63
905.8 246331.80 80389.86 32.63
906.9 242560.80 79311.90 32.70
908.0 237529.00 77701.71 32.71
909.2 233249.90 76284.56 32.71
910.3 229226.80 74979.31 32.71
911.4 225497.60 73755.66 32.71
912.5 222603.60 72760.40 32.69
913.6 219796.50 71848.07 32.69
914.8 217848.50 71227.21 32.70
915.9 217170.85 71050.85 32.72
917.0 219362.65 71729.26 32.70
918.1 223133.75 72886.02 32.66
919.2 226273.60 73859.31 32.64
920.3 229987.45 75068.40 32.64
921.5 232664.50 75913.14 32.63
922.6 233127.90 76060.84 32.63
923.7 231453.20 75536.06 32.64
924.8 227673.55 74180.26 32.58
925.9 219312.10 71431.01 32.57
927.0 207740.25 67559.07 32.52
928.1 192695.75 62648.95 32.51
929.2 174195.00 56595.00 32.49
930.3 153633.00 49977.00 32.53
931.4 133756.35 43492.80 32.52
932.5 115554.80 37532.46 32.48
933.5 100890.00 32652.86 32.36
934.6 89687.35 28944.68 32.27
935.7 82665.30 26612.57 32.19
936.8 81268.20 25939.64 31.92
937.9 82220.40 25988.23 31.61
939.0 83296.80 26184.74 31.44
940.1 85680.00 26811.43 31.29
941.1 87539.85 27376.53 31.27
942.2 88073.80 27476.14 31.20
943.3 88106.20 27495.00 31.21
944.4 87910.40 27386.51 31.15
945.4 88358.55 27491.44 31.11
946.5 89463.95 27718.05 30.98
947.6 90311.40 27838.63 30.83
948.7 92060.25 28277.32 30.72
949.7 93190.50 28469.19 30.55
950.8 94222.60 28664.31 30.42
951.9 95980.50 29096.87 30.32
952.9 97824.00 29551.00 30.21
954.0 99568.30 29974.75 30.10
955.0 102660.25 30740.94 29.94
956.1 106567.50 31618.93 29.67
957.1 108958.90 32291.53 29.64
958.2 112849.95 33268.38 29.48
959.2 117705.00 34599.29 29.39
960.3 122027.10 35775.54 29.32
961.4 127234.80 37288.35 29.31
962.4 133215.00 38932.71 29.23
963.4 140216.80 40817.83 29.11
964.5 147674.65 42972.30 29.10
965.5 157388.70 45823.30 29.11
966.6 168369.95 48936.90 29.07
967.6 179304.30 52089.00 29.05
968.6 190269.90 55141.03 28.98
969.7 200868.30 58140.02 28.94
970.7 208288.50 60347.50 28.97
971.7 213542.95 61878.57 28.98
972.8 217461.20 62902.00 28.93
973.8 219046.45 63585.52 29.03
974.8 220538.50 64049.64 29.04
975.8 223161.25 64551.96 28.93
976.9 224753.10 65113.29 28.97
977.9 227202.45 65693.34 28.91
978.9 230952.15 66959.10 28.99
979.9 234979.20 67980.34 28.93
980.9 239157.20 69296.74 28.98
981.9 244278.15 70709.69 28.95
982.9 250668.75 72192.60 28.80
983.9 255834.00 74094.00 28.96
984.9 261234.75 75892.93 29.05
985.9 266740.70 77631.04 29.10
986.9 272085.00 79224.75 29.12
987.9 276936.00 80802.97 29.18
988.9 281632.00 82100.76 29.15
989.9 285361.50 83246.93 29.17
990.9 288476.10 84364.34 29.24
991.9 291341.25 85430.89 29.32
992.9 294703.50 86668.43 29.41
993.9 297566.10 87299.09 29.34
994.9 299323.60 88279.77 29.49
995.9 301493.25 89256.66 29.60
996.8 304227.75 89845.61 29.53
997.8 306148.50 90594.96 29.59
998.8 307418.50 91177.79 29.66
999.8 310208.00 91984.46 29.65
1000.7 311199.60 92274.30 29.65
1001.7 313176.00 92834.31 29.64
1002.6 317153.95 93352.12 29.43
1003.6 316757.60 94162.19 29.73
1004.6 321388.20 94375.90 29.37
1005.5 322977.50 95489.00 29.57
1006.5 328009.50 96394.63 29.39
1007.5 333451.20 96760.39 29.02
1008.4 333856.30 97605.83 29.24
1009.4 336016.45 99121.74 29.50
1010.3 344438.50 101222.74 29.39
1011.2 350402.85 101704.23 29.02
1012.2 360271.35 102934.67 28.57
1013.1 359395.00 103711.13 28.86
1014.0 366339.40 103530.70 28.26
988.9 213414.05 50915.00 23.86
992.7 217921.63 52356.05 24.03
996.6 224007.22 54401.75 24.29
1000.4 227227.40 55564.70 24.45
1004.3 228432.49 56281.16 24.64
1008.1 229157.66 56871.93 24.82
1012.0 231626.39 57900.73 25.00
1015.8 235018.47 59156.58 25.17
1019.6 239424.56 60662.67 25.34
1023.5 245138.59 62529.42 25.51
1027.3 250454.73 64337.80 25.69
1031.2 254348.37 65802.37 25.87
1035.0 256530.14 66804.20 26.04
1038.8 257493.90 67515.44 26.22
1042.7 257896.89 68097.99 26.41
1046.5 257654.59 68478.41 26.58
1050.3 257056.33 68867.30 26.79
1054.2 255636.04 69064.84 27.02
1058.0 252968.10 68800.17 27.20
1061.8 249245.70 68134.29 27.34
1065.6 245013.56 67226.53 27.44
1069.5 240143.84 66122.37 27.53
1073.3 235221.72 64966.33 27.62
1077.1 230519.25 63776.44 27.67
1080.9 225700.85 62510.78 27.70
1084.7 220370.48 61088.50 27.72
1088.5 213972.00 59301.00 27.71
1092.3 206075.78 57028.78 27.67
1096.2 196536.13 54268.12 27.61
1100.0 184532.32 50776.27 27.52
1103.8 169332.33 46428.19 27.42
1107.6 151001.72 41253.05 27.32
1111.4 130327.68 35393.08 27.16
1115.2 108950.77 29378.17 26.96
1119.0 88371.22 23595.28 26.70
1122.8 70960.31 18646.28 26.28
1126.6 58806.73 15114.91 25.70
1130.4 52040.74 13059.07 25.09
1134.2 49180.62 12067.64 24.54
1138.0 48622.31 11661.40 23.98
1141.8 49654.13 11561.98 23.29
1145.6 52253.74 11780.26 22.54
1149.4 56811.04 12367.31 21.77
1153.2 64234.16 13525.10 21.06
1156.9 74769.66 15363.78 20.55
1160.7 87576.56 17716.13 20.23
1164.5 101022.03 20257.25 20.05
1168.3 113326.84 22570.48 19.92
1172.1 123392.25 24409.22 19.78
1175.8 130920.08 25718.55 19.64
1179.6 136477.34 26637.40 19.52
1183.4 140506.16 27229.18 19.38
1187.2 143471.21 27628.08 19.26
1190.9 145749.01 27935.58 19.17
1194.7 147572.56 28196.12 19.11
1198.5 148932.71 28427.23 19.09
1202.2 149833.10 28562.55 19.06
1206.0 150750.04 28735.57 19.06
1209.8 152195.30 29071.30 19.10
1213.5 154328.23 29566.00 19.16
1217.3 156942.23 30180.81 19.23
1221.0 159899.02 30902.84 19.33
1224.8 162908.95 31640.90 19.42
1228.5 165858.66 32364.60 19.51
1232.3 168473.11 33039.08 19.61
1236.0 170538.03 33612.31 19.71
1239.8 171762.79 34038.18 19.82
1243.5 171879.88 34242.99 19.92
1247.3 170829.53 34205.03 20.02
1251.0 168395.93 33887.63 20.12
1254.8 164643.22 33296.19 20.22
1258.5 160086.30 32505.58 20.31
1262.2 155439.00 31658.75 20.37
1266.0 151459.44 30932.45 20.42
1269.7 148731.41 30433.32 20.46
1273.4 147518.72 30214.18 20.48
1277.2 147668.40 30269.66 20.50
1280.9 148244.51 30370.10 20.49
1284.6 148303.28 30332.13 20.45
1288.3 147507.61 30047.52 20.37
1292.1 145417.85 29428.46 20.24
1295.8 142019.44 28513.69 20.08
1299.5 137270.21 27283.10 19.88
1303.2 131533.11 25824.06 19.63
1306.9 125123.23 24220.45 19.36
1310.6 118465.97 22560.67 19.04
1314.3 111470.05 20853.68 18.71
1318.0 103933.35 19078.14 18.36
1321.8 96051.69 17260.09 17.97
1325.5 87971.19 15434.44 17.54
1329.2 79587.58 13629.62 17.13
1332.8 70674.95 11793.38 16.69
1336.5 61381.59 9969.77 16.24
1340.2 52117.00 8274.50 15.88
1343.9 42954.21 6685.87 15.57
1347.6 33840.73 5165.61 15.26
1351.3 25281.28 3766.13 14.90
1355.0 18200.42 2636.03 14.48
1358.7 13003.92 1842.95 14.17
1362.3 9458.91 1342.73 14.20
1366.0 7064.77 1013.23 14.34
1369.7 5459.54 787.81 14.43
1373.4 4395.89 649.22 14.77
1377.1 3707.14 548.63 14.80
1380.7 3282.57 472.31 14.39
1384.4 3051.22 435.33 14.27
1388.1 2987.40 425.10 14.23
1391.7 2993.38 415.96 13.90
1395.4 3076.75 395.25 12.85
1399.0 3267.68 393.98 12.06
1402.7 3493.76 397.19 11.37
1406.4 3755.99 393.34 10.47
1410.0 4024.29 400.89 9.96
1413.7 4331.58 411.62 9.50
1417.3 4720.13 429.80 9.11
1421.0 5093.48 432.75 8.50
1424.6 5477.40 436.05 7.96
1428.2 5924.28 461.88 7.80
1431.9 6436.50 486.57 7.56
1435.5 6993.62 488.55 6.99
1439.2 7724.19 502.92 6.51
1442.8 8915.51 543.82 6.10
1446.4 10695.76 606.93 5.67
1450.0 12899.49 691.32 5.36
1453.7 15145.07 772.01 5.10
1457.3 17045.88 847.00 4.97
1460.9 18460.23 919.98 4.98
1464.5 19271.90 955.63 4.96
1468.1 19643.53 948.05 4.83
1471.8 20070.88 949.09 4.73
1475.4 21243.08 1019.64 4.80
1479.0 23582.32 1132.97 4.80
1482.6 27131.37 1306.63 4.82
1486.2 31944.88 1554.44 4.87
1489.8 37686.07 1850.96 4.91
1493.4 44155.25 2199.55 4.98
1497.0 50946.49 2563.37 5.03
1500.6 57635.02 2940.26 5.10
1504.2 63691.65 3296.70 5.18
1507.7 69102.52 3627.98 5.25
1511.3 74065.31 3956.35 5.34
1514.9 78619.85 4291.20 5.46
1518.5 82701.95 4616.41 5.58
1522.1 86180.40 4902.50 5.69
1525.7 89240.14 5167.16 5.79
1529.2 91844.13 5426.82 5.91
1532.8 93965.78 5675.09 6.04
1536.4 95668.56 5897.94 6.16
1539.9 97037.26 6104.77 6.29
1543.5 98060.00 6294.77 6.42
1547.0 98719.95 6466.60 6.55
1550.6 99088.12 6627.72 6.69
1554.2 99161.70 6761.03 6.82
1557.7 98931.06 6871.25 6.95
1561.3 98202.83 6939.30 7.07
1564.8 97039.29 6957.56 7.17
1568.4 95597.77 6931.72 7.25
1571.9 94079.04 6903.99 7.34
1575.5 92786.63 6896.81 7.43
1579.0 91884.52 6918.76 7.53
1582.5 91456.04 6987.34 7.64
1586.0 91260.49 7068.51 7.75
1589.6 91010.96 7159.50 7.87
1593.1 90513.90 7230.47 7.99
1596.6 89883.33 7273.53 8.09
1600.2 89152.83 7295.89 8.18
1603.7 88504.98 7319.22 8.27
1607.2 88053.80 7369.99 8.37
1610.7 87846.33 7436.91 8.47
1614.2 87921.88 7534.69 8.57
1617.7 88152.99 7641.04 8.67
1621.2 88358.61 7738.09 8.76
1624.7 88394.92 7805.47 8.83
1628.2 88116.19 7855.98 8.92
1631.7 87539.10 7881.27 9.00
1635.2 86761.51 7841.84 9.04
1638.7 85895.15 7796.11 9.08
1642.2 84938.83 7765.51 9.14
1645.7 84130.48 7750.80 9.21
1649.2 83433.19 7734.44 9.27
1652.6 82811.53 7714.74 9.32
1656.1 82180.55 7687.05 9.35
1659.6 81623.58 7661.57 9.39
1663.1 81016.96 7630.58 9.42
1666.5 80246.85 7562.71 9.42
1670.0 79434.74 7487.18 9.43
1673.5 78762.80 7450.88 9.46
1676.9 78209.80 7397.88 9.46
1680.4 77588.11 7312.43 9.42
1683.8 76881.84 7238.96 9.42
1687.3 76210.07 7158.13 9.39
1690.7 75484.51 7060.58 9.35
1694.2 74656.28 6949.50 9.31
1697.6 73825.00 6847.33 9.28
1701.1 72911.32 6734.28 9.24
1704.5 72027.14 6616.40 9.19
1707.9 71104.83 6482.45 9.12
1711.4 70081.66 6355.72 9.07
1714.8 68994.87 6231.18 9.03
1718.2 67854.33 6085.69 8.97
1721.6 66558.76 5917.11 8.89
1725.1 65061.56 5748.20 8.84
1728.5 63511.03 5582.47 8.79
1731.9 61995.38 5395.89 8.70
1735.3 60461.62 5229.62 8.65
1738.7 59053.93 5080.00 8.60
1742.1 57690.47 4927.71 8.54
1745.5 56502.72 4793.31 8.48
1748.9 55341.00 4660.53 8.42
1752.3 54074.00 4513.58 8.35
1755.7 52702.72 4370.32 8.29
1759.1 51121.44 4201.76 8.22
1762.5 49185.23 4003.97 8.14
1765.8 46863.30 3779.74 8.07
1769.2 44256.30 3529.59 7.98
1772.6 41430.52 3267.95 7.89
1776.0 38466.60 2996.63 7.79
1779.3 35329.45 2726.83 7.72
1782.7 32068.16 2464.29 7.68
1786.1 28773.45 2193.33 7.62
1789.4 25397.16 1919.50 7.56
1792.8 21912.52 1646.96 7.52
1796.1 18446.44 1389.35 7.53
1799.5 15127.13 1135.71 7.51
1802.8 12142.94 904.56 7.45
1806.2 9632.98 718.67 7.46
1809.5 7604.67 588.29 7.74
1812.9 6007.64 484.64 8.07
1816.2 4781.75 404.91 8.47
1819.5 3864.07 343.80 8.90
1822.9 3169.33 291.66 9.20
1826.2 2657.48 267.70 10.07
1829.5 2284.43 239.18 10.47
1832.8 2059.97 225.62 10.95
1836.1 1920.14 231.40 12.05
1839.5 1795.54 221.98 12.36
1842.8 1657.43 202.25 12.20
1846.1 1578.50 187.45 11.88
1849.4 1524.12 188.04 12.34
1852.7 1451.33 173.96 11.99
1856.0 1381.73 150.19 10.87
1859.3 1359.70 161.15 11.85
1862.5 1332.11 167.78 12.60
1865.8 1327.15 156.75 11.81
1869.1 1302.00 130.20 10.00
1872.4 1296.30 111.75 8.62
1875.7 1335.63 154.11 11.54
1878.9 1328.10 164.54 12.39
1882.2 1333.80 142.03 10.65
1885.5 1407.48 152.70 10.85
1888.7 1567.01 174.11 11.11
1892.0 1687.88 176.83 10.48
1895.2 1835.36 170.94 9.31
1898.5 2071.59 231.29 11.17
1901.8 2251.67 278.67 12.38
1905.0 2406.63 279.56 11.62
1870.5 6081.12 506.76 8.33
1873.3 4322.65 190.71 4.41
1876.1 3197.13 334.03 10.45
1878.8 2398.00 545.00 22.73
1881.6 1933.28 331.42 17.14
1884.4 1559.16 85.43 5.48
1887.2 1329.12 17.04 1.28
1890.0 1143.90 111.60 9.76
1892.8 902.57 105.50 11.69
1895.5 791.05 40.57 5.13
1898.3 723.33 27.13 3.75
1901.1 700.83 41.23 5.88
1903.8 647.84 38.11 5.88
1906.6 584.80 21.40 3.66
1909.3 581.36 27.04 4.65
1912.1 596.77 51.89 8.70
1914.9 596.13 69.03 11.58
1917.6 547.65 48.68 8.89
1920.4 567.04 29.53 5.21
1923.1 613.65 28.68 4.67
1925.9 616.75 16.52 2.68
1928.6 649.35 20.95 3.23
1931.4 736.30 24.88 3.38
1934.1 844.28 14.15 1.68
1936.8 973.01 35.71 3.67
1939.6 1128.90 46.16 4.09
1942.3 1378.83 50.64 3.67
1945.0 1666.94 50.84 3.05
1947.8 1945.60 37.55 1.93
1950.5 2305.52 38.64 1.68
1953.2 2825.93 55.29 1.96
1955.9 3522.42 68.20 1.94
1958.7 4450.50 80.50 1.81
1961.4 5764.28 95.37 1.65
1964.1 7464.05 126.88 1.70
1966.8 9506.01 176.69 1.86
1969.5 11910.63 207.26 1.74
1972.2 14530.60 240.75 1.66
1974.9 17215.66 300.77 1.75
1977.6 19921.23 355.55 1.78
1980.3 22512.55 407.59 1.81
1983.0 24749.27 452.30 1.83
1985.7 26460.67 484.84 1.83
1988.4 27614.08 515.81 1.87
1991.1 27780.81 527.00 1.90
1993.8 27270.47 520.74 1.91
1996.5 25999.55 503.29 1.94
1999.1 23917.20 477.24 2.00
2001.8 21612.21 441.28 2.04
2004.5 19267.32 389.64 2.02
2007.2 17195.73 350.19 2.04
2009.8 15630.35 347.57 2.22
2012.5 14804.90 339.08 2.29
2015.2 14808.47 341.47 2.31
2017.8 15394.15 373.22 2.42
2020.5 16981.91 436.58 2.57
2023.2 19509.90 528.14 2.71
2025.8 22165.00 608.40 2.74
2028.5 25252.58 690.71 2.74
2031.2 28470.30 797.22 2.80
2033.8 31324.54 896.68 2.86
2036.5 33576.12 959.76 2.86
2039.1 35176.20 1005.55 2.86
2041.7 35892.98 1031.33 2.87
2044.4 35960.04 1045.58 2.91
2047.0 35735.85 1045.99 2.93
2049.7 34852.48 1032.89 2.96
2052.3 33580.98 1010.61 3.01
2054.9 32161.26 974.66 3.03
2057.6 30905.73 936.69 3.03
2060.2 29933.55 923.40 3.08
2062.8 29243.15 928.07 3.17
2065.4 28947.69 927.17 3.20
2068.1 29070.95 944.41 3.25
2070.7 29512.89 979.83 3.32
2073.3 30253.09 1031.24 3.41
2075.9 31224.05 1079.62 3.46
2078.5 32302.16 1114.14 3.45
2081.1 33500.80 1167.34 3.48
2083.7 34625.12 1236.43 3.57
2086.3 35457.58 1286.40 3.63
2088.9 36169.37 1309.70 3.62
2091.6 36728.08 1337.31 3.64
2094.1 37083.06 1378.61 3.72
2096.7 37280.85 1408.53 3.78
2099.3 37338.65 1409.59 3.78
2101.9 37435.08 1428.58 3.82
2104.5 37508.54 1453.24 3.87
2107.1 37475.63 1456.29 3.89
2109.7 37469.90 1474.91 3.94
2112.3 37459.90 1492.67 3.98
2114.8 37426.70 1514.36 4.05
2117.4 37432.42 1524.24 4.07
2120.0 37463.89 1531.20 4.09
2122.6 37498.67 1557.33 4.15
2125.1 37500.43 1584.87 4.23
2127.7 37584.44 1603.08 4.27
2130.3 37691.88 1611.46 4.28
2132.8 37703.21 1623.57 4.31
2135.4 37673.13 1651.35 4.38
2137.9 37633.60 1657.41 4.40
2140.5 37456.61 1655.39 4.42
2143.0 37309.96 1667.01 4.47
2145.6 36929.40 1669.05 4.52
2148.1 36455.43 1653.95 4.54
2150.7 35910.55 1638.27 4.56
2153.2 35383.00 1629.07 4.60
2155.8 34762.83 1605.03 4.62
2158.3 34151.47 1586.73 4.65
2160.8 33527.92 1560.32 4.65
2163.4 33000.86 1545.35 4.68
2165.9 32544.96 1548.48 4.76
2168.4 32223.51 1530.61 4.75
2171.0 31943.75 1514.47 4.74
2173.5 31682.82 1517.16 4.79
2176.0 31482.37 1516.35 4.82
2178.5 31309.62 1526.44 4.88
2181.1 31068.61 1511.07 4.86
2183.6 30769.20 1490.40 4.84
2186.1 30523.22 1498.57 4.91
2188.6 30252.72 1490.46 4.93
2191.1 29962.29 1478.75 4.94
2193.6 29707.71 1470.63 4.95
2196.1 29522.88 1471.52 4.98
2198.6 29419.62 1473.30 5.01
2201.1 29339.60 1459.60 4.97
2203.6 29239.88 1458.57 4.99
2206.1 29138.53 1475.79 5.06
2208.6 29170.75 1484.81 5.09
2211.1 29268.84 1471.63 5.03
2213.6 29347.21 1480.61 5.05
2216.0 29531.12 1497.23 5.07
2218.5 29562.40 1489.60 5.04
2221.0 29549.28 1491.23 5.05
2223.5 29509.17 1484.67 5.03
2225.9 29463.30 1493.40 5.07
2228.4 29522.78 1497.35 5.07
2230.9 29483.74 1463.16 4.96
2233.3 29215.08 1430.53 4.90
2235.8 29037.53 1433.85 4.94
2238.3 28953.59 1423.52 4.92
2240.7 28697.48 1392.80 4.85
2243.2 28410.33 1376.43 4.84
2245.7 28153.18 1358.58 4.83
2248.1 27846.72 1336.08 4.80
2250.6 27534.21 1281.14 4.65
2253.0 27262.40 1258.40 4.62
2255.4 26910.90 1236.20 4.59
2257.9 26537.40 1195.67 4.51
2260.3 26201.84 1179.33 4.50
2262.8 25876.32 1151.44 4.45
2265.2 25596.85 1126.70 4.40
2267.6 25349.98 1103.73 4.35
2270.1 25110.72 1065.05 4.24
2272.5 24948.35 1048.25 4.20
2274.9 24782.24 1045.74 4.22
2277.3 24569.23 1035.29 4.21
2279.8 24383.70 1006.51 4.13
2282.2 24220.05 985.15 4.07
2284.6 24053.45 985.47 4.10
2287.0 23862.48 968.69 4.06
2289.4 23573.99 945.95 4.01
2291.8 23283.10 932.58 4.01
2294.3 23086.01 917.37 3.97
2296.7 22928.13 900.52 3.93
2299.1 22751.48 878.15 3.86
2301.5 22668.14 878.56 3.88
2303.9 22617.17 868.64 3.84
2306.3 22559.84 856.08 3.79
2308.7 22279.61 827.50 3.71
2311.0 22134.26 815.49 3.68
2313.4 22054.53 810.95 3.68
2315.8 21696.20 783.52 3.61
2318.2 21278.54 754.46 3.55
2320.6 20702.43 739.86 3.57
2323.0 20421.36 735.63 3.60
2325.3 20452.17 717.62 3.51
2327.7 20321.80 697.00 3.43
2330.1 20136.81 688.15 3.42
2332.5 19977.25 686.75 3.44
2334.8 19542.53 662.63 3.39
2337.2 19026.64 632.96 3.33
2339.6 18474.13 613.51 3.32
2341.9 17921.09 587.35 3.28
2344.3 17380.12 566.89 3.26
2346.6 16694.17 544.79 3.26
2349.0 16197.79 521.50 3.22
2351.3 15689.70 473.85 3.02
2353.7 15360.80 457.17 2.98
2356.0 15325.92 480.24 3.13
2358.4 15123.50 476.30 3.15
2360.7 14964.77 470.70 3.15
2363.1 14763.00 451.50 3.06
2365.4 14401.88 431.32 2.99
2367.7 13931.26 408.71 2.93
2370.1 13466.16 382.32 2.84
2372.4 13035.71 386.27 2.96
2374.7 12494.55 350.87 2.81
2377.0 12125.67 326.33 2.69
2379.3 11813.81 352.27 2.98
2381.7 11458.93 343.26 3.00
2384.0 11153.13 324.13 2.91
2386.3 10954.05 294.14 2.69
2388.6 10858.39 292.76 2.70
2390.9 10823.13 306.32 2.83
2393.2 10851.84 292.47 2.70
2395.5 10851.53 283.05 2.61
2397.8 10724.61 266.00 2.48
2400.2 10570.78 258.96 2.45
2402.4 10418.98 264.07 2.53
2404.7 10135.67 265.09 2.62
2407.0 9763.88 256.43 2.63
2409.3 9336.60 235.41 2.52
2411.6 8850.61 201.33 2.27
2413.9 8403.92 219.87 2.62
2416.2 8095.87 226.14 2.79
2418.5 7919.43 195.29 2.47
2420.8 7809.08 180.24 2.31
2423.0 7800.50 198.50 2.54
2425.3 7972.43 196.11 2.46
2427.6 8122.37 180.88 2.23
2429.8 8118.97 191.55 2.36
2432.1 7982.98 184.73 2.31
2434.4 7903.20 182.04 2.30
2436.6 7844.85 196.68 2.51
2438.9 7632.05 162.48 2.13
2441.2 7307.30 141.05 1.93
2443.4 6992.13 160.48 2.30
2445.7 6639.42 152.79 2.30
2447.9 6204.45 111.96 1.80
2450.2 5779.17 117.75 2.04
2452.4 5509.11 142.60 2.59
2454.7 5399.17 110.29 2.04
2456.9 5367.11 82.42 1.54
2459.1 5340.27 88.35 1.65
2461.4 5323.04 113.89 2.14
2463.6 5279.72 109.89 2.08
2465.8 5026.41 75.78 1.51
2468.1 4710.38 71.45 1.52
2470.3 4399.20 93.60 2.13
2472.5 4046.65 74.15 1.83
2474.8 3726.16 64.06 1.72
2477.0 3372.49 64.34 1.91
2479.2 2998.18 65.06 2.17
2481.4 2631.39 55.05 2.09
2483.6 2237.99 38.87 1.74
2485.8 1877.68 61.66 3.28
2488.0 1573.46 45.77 2.91
2490.2 1330.22 35.16 2.64
2492.4 1148.35 35.70 3.11
2494.7 1021.61 12.09 1.18
2496.8 961.74 43.16 4.49
2499.0 922.48 37.91 4.11
2501.2 844.13 0.00 0.00
2503.4 830.39 6.70 0.81
2505.6 848.96 0.00 0.00
