/*** Spectra Vista SIG Data ***/
name= \My Documents\varunmtech14\riverbed-sand.
instrument= HR: 1031044
integration= 10, 9.6, 30, 50, 60, 30
scan time= 1, 1
scan settings= AD, AI, AD, AI
external data set1= 8224, 8224, 8224, 8224, 8224, 8224, 8224, 8224, 8224, 8224, 8224, 8224, 8224, 8224, 8224, 8224
external data set2= 8224, 8224, 8224, 8224, 8224, 8224, 8224, 8224, 8224, 8224, 8224, 8224, 8224, 8224, 8224, 8224
external data dark= 0,0,0,0,0,0,0,0
external data mask= 0
optic= LENS 4, LENS 4
temp= 49.66, 9.08, -4.90, 49.66, 9.08, -4.90
battery= 6.9, 6.9
error= 0, 0
units= Radiance, Radiance
time= 1/30/08 10:25:05 PM, 1/30/08 10:26:26 PM
longitude= , 
latitude= , 
gpstime= , 
comm= 
memory slot= 0, 0
factors= 
data= 
341.6 179062.65 17994.87 10.05
343.1 185367.45 18641.20 10.06
344.7 190198.00 19082.16 10.03
346.3 195466.15 19643.27 10.05
347.9 202982.70 20362.80 10.03
349.5 217165.20 21759.78 10.02
351.1 237097.50 23830.95 10.05
352.6 254531.40 25582.18 10.05
354.2 267460.00 26918.00 10.06
355.8 273601.35 27565.18 10.07
357.4 275044.00 27772.30 10.10
358.9 269779.55 27325.02 10.13
360.5 269061.60 27253.54 10.13
362.1 279153.60 28289.36 10.13
363.6 297102.00 30135.05 10.14
365.2 324112.00 32907.52 10.15
366.8 360468.00 36676.65 10.17
368.3 390340.50 39778.38 10.19
369.9 403051.35 41217.67 10.23
371.5 403643.95 41398.91 10.26
373.0 397252.05 40909.57 10.30
374.6 388440.00 40172.00 10.34
376.1 382788.00 39676.28 10.37
377.7 379782.00 39410.28 10.38
379.3 382082.85 39682.80 10.39
380.8 404868.90 42176.54 10.42
382.4 434208.45 45507.54 10.48
383.9 438955.05 46293.84 10.55
385.5 424918.40 45094.08 10.61
387.0 414575.10 44161.80 10.65
388.6 424060.80 45332.88 10.69
390.1 426800.00 45784.00 10.73
391.7 418440.10 45032.26 10.76
393.2 401490.70 43401.00 10.81
394.8 403047.00 43764.60 10.86
396.3 429561.45 46806.42 10.90
397.9 478670.15 52296.69 10.93
399.4 545184.00 59648.40 10.94
401.0 622713.20 68248.28 10.96
402.5 690497.50 75803.00 10.98
404.1 743404.80 81921.91 11.02
405.6 768577.90 84953.16 11.05
407.1 775245.50 85916.05 11.08
408.7 769091.40 85492.19 11.12
410.2 753010.00 83891.76 11.14
411.7 731900.40 81669.96 11.16
413.3 718721.25 80349.75 11.18
414.8 716257.90 80178.80 11.19
416.4 725745.35 81399.23 11.22
417.9 742366.00 83451.44 11.24
419.4 767796.00 86519.84 11.27
420.9 801448.50 90585.00 11.30
422.5 835721.25 94760.25 11.34
424.0 854121.45 97178.76 11.38
425.5 850082.80 97015.52 11.41
427.1 824153.60 94378.88 11.45
428.6 789634.75 90811.93 11.50
430.1 756713.35 87411.45 11.55
431.6 733064.40 84996.66 11.59
433.2 724911.30 84322.47 11.63
434.7 729712.50 85074.00 11.66
436.2 744925.75 87095.75 11.69
437.8 769790.70 90377.35 11.74
439.3 797733.00 94057.90 11.79
440.8 832052.25 98493.75 11.84
442.3 870307.35 103412.21 11.88
443.8 910215.30 108533.43 11.92
445.4 949032.45 113555.79 11.97
446.9 981611.00 117845.28 12.01
448.4 1007393.30 121278.33 12.04
449.9 1021065.50 123195.80 12.07
451.4 1022651.30 123601.94 12.09
452.9 1012858.35 122650.57 12.11
454.5 999603.60 121194.60 12.12
456.0 983233.05 119343.51 12.14
457.5 969222.00 117761.88 12.15
459.0 960235.50 116792.41 12.16
460.5 953003.90 115989.30 12.17
462.0 947888.25 115416.00 12.18
463.6 933593.50 115570.35 12.38
465.1 930586.80 117364.26 12.61
466.6 962766.70 121792.44 12.65
468.1 1010376.00 126655.20 12.54
469.6 1041285.70 128506.98 12.34
471.1 1050435.10 128557.00 12.24
472.6 1053734.40 129031.68 12.25
474.1 1063007.75 130215.80 12.25
475.6 1069980.85 131195.80 12.26
477.1 1068110.45 131097.78 12.27
478.6 1059197.40 130082.32 12.28
480.1 1045009.60 128447.80 12.29
481.6 1021050.00 125550.00 12.30
483.1 989417.00 121721.60 12.30
484.7 953349.95 118091.68 12.39
486.2 906693.30 115407.90 12.73
487.7 868797.45 113827.91 13.10
489.2 843473.45 113871.47 13.50
490.7 833738.40 115770.60 13.89
492.2 837949.20 118904.49 14.19
493.7 853449.60 122536.32 14.36
495.2 877281.25 125925.00 14.35
496.7 905354.25 128542.05 14.20
498.1 936167.85 130351.81 13.92
499.6 968449.50 131451.90 13.57
501.1 1000659.85 132011.95 13.19
502.6 1028655.55 132115.92 12.84
504.1 1037812.60 131670.44 12.69
505.6 1029180.60 130901.40 12.72
507.1 1019943.95 130075.31 12.75
508.6 1007437.50 128805.00 12.79
510.1 990692.80 126930.56 12.81
511.6 973490.05 125012.53 12.84
513.1 952210.00 122528.00 12.87
514.6 932941.90 120325.26 12.90
516.1 914751.60 118332.50 12.94
517.5 894316.15 116379.90 13.01
519.0 858972.60 115209.00 13.41
520.5 826720.40 115226.07 13.94
522.0 805580.30 116791.78 14.50
523.5 795869.55 119143.71 14.97
525.0 795869.55 121956.03 15.32
526.5 807156.25 125166.00 15.51
528.0 828183.00 128584.60 15.53
529.4 856226.50 131784.40 15.39
530.9 889882.40 134813.76 15.15
532.4 926343.00 137385.60 14.83
533.9 961397.50 139102.95 14.47
535.4 992203.80 139689.06 14.08
536.8 1015989.20 139080.40 13.69
538.3 1020039.80 137647.02 13.49
539.8 1004457.30 135924.91 13.53
541.3 986223.60 133853.52 13.57
542.8 970368.00 132061.02 13.61
544.2 956464.95 130540.48 13.65
545.7 946341.50 129469.99 13.68
547.2 936970.20 128643.44 13.73
548.6 905386.50 127909.95 14.13
550.1 873008.10 127267.42 14.58
551.6 844907.00 127220.66 15.06
553.1 819731.60 127265.28 15.53
554.5 798648.40 127450.31 15.96
556.0 786072.00 127932.00 16.27
557.5 779053.50 128693.40 16.52
558.9 781888.75 129881.26 16.61
560.4 791686.80 131423.28 16.60
561.9 811338.60 133489.10 16.45
563.3 836575.40 135572.12 16.21
564.8 867424.80 137702.76 15.87
566.3 899675.55 139205.97 15.47
567.7 930520.50 139839.96 15.03
569.2 959857.20 140199.48 14.61
570.6 977369.25 140052.79 14.33
572.1 972328.50 139660.95 14.36
573.6 966959.40 139225.02 14.40
575.0 961026.20 138674.62 14.43
576.5 954418.50 138030.42 14.46
577.9 948405.90 137470.32 14.49
579.4 941633.80 136811.07 14.53
580.9 935124.75 136176.74 14.56
582.3 929036.80 135576.24 14.59
583.8 921313.80 134706.06 14.62
585.2 909498.00 133207.44 14.65
586.7 894438.00 131240.00 14.67
588.1 876752.80 128898.02 14.70
589.6 862494.00 127058.55 14.73
591.0 851477.30 125693.07 14.76
592.5 846086.25 125127.90 14.79
593.9 844034.10 125047.44 14.82
595.4 831020.00 125628.32 15.12
596.8 819673.20 126494.40 15.43
598.2 811223.00 127258.26 15.69
599.7 807012.50 128265.25 15.89
601.1 809790.65 129819.23 16.03
602.6 816837.00 131386.50 16.08
604.0 830872.00 133336.16 16.05
605.5 849117.50 135126.75 15.91
606.9 872945.90 136852.44 15.68
608.3 900950.70 138158.40 15.33
609.8 930002.40 139240.62 14.97
611.2 935365.75 140098.10 14.98
612.6 937665.30 140524.56 14.99
614.1 941184.30 141091.92 14.99
615.5 942358.20 141301.86 14.99
616.9 941315.25 141220.14 15.00
618.4 934333.55 140164.96 15.00
619.8 916517.25 137415.60 14.99
621.2 894091.40 133985.00 14.99
622.7 871421.20 130538.08 14.98
624.1 853969.60 127886.92 14.98
625.5 839333.55 125676.07 14.97
626.9 829852.65 124286.25 14.98
628.4 822168.90 123186.96 14.98
629.8 816077.70 122193.65 14.97
631.2 815431.20 121944.32 14.95
632.6 817788.40 122230.94 14.95
634.0 816875.40 122192.76 14.96
635.5 816023.20 122186.32 14.97
636.9 814991.75 122104.55 14.98
638.3 814575.60 122052.96 14.98
639.7 814121.00 121975.56 14.98
641.1 815173.45 122118.15 14.98
642.5 814033.35 121994.34 14.99
644.0 812995.80 121935.63 15.00
645.4 812771.70 122086.52 15.02
646.8 809607.10 121905.46 15.06
648.2 807892.80 122004.30 15.10
649.6 807134.70 122202.26 15.14
651.0 805939.20 122273.28 15.17
652.4 803824.45 122161.65 15.20
653.8 802178.10 122124.97 15.22
655.2 798862.00 121868.72 15.26
656.6 792614.20 121007.88 15.27
658.0 791786.10 120636.04 15.24
659.4 797014.35 121155.96 15.20
660.8 804063.25 122001.85 15.17
662.2 815812.05 123627.00 15.15
663.6 825552.00 125115.84 15.16
665.0 831700.80 126042.72 15.15
666.4 832931.10 126196.74 15.15
667.8 830285.10 125811.90 15.15
669.2 823592.90 124817.29 15.16
670.6 815055.15 123525.09 15.16
672.0 806325.30 122167.44 15.15
673.4 797580.50 120816.82 15.15
674.8 791180.80 119798.08 15.14
676.1 785209.60 118890.24 15.14
677.5 780630.90 118192.55 15.14
678.9 776733.65 117578.26 15.14
680.3 772679.20 116978.80 15.14
681.7 767638.50 116237.47 15.14
683.1 755809.20 114466.20 15.14
684.4 739536.55 112040.06 15.15
685.8 723258.00 109652.04 15.16
687.2 706452.00 107181.60 15.17
688.6 692541.50 105124.95 15.18
689.9 681926.90 103521.72 15.18
691.3 676866.40 102719.68 15.18
692.7 676866.00 102734.64 15.18
694.1 679525.00 103133.80 15.18
695.4 682790.40 103618.56 15.18
696.8 686532.00 104188.70 15.18
698.2 691713.05 104985.83 15.18
699.5 697965.70 105983.12 15.18
700.9 707529.10 107509.74 15.20
702.2 719610.00 109378.00 15.20
703.6 731156.40 111189.52 15.21
705.0 738101.00 112266.70 15.21
706.3 737707.75 112227.57 15.21
707.7 730270.10 111091.78 15.21
709.0 719157.60 109367.04 15.21
710.4 708681.55 107741.58 15.20
711.8 699907.80 106424.52 15.21
713.1 691129.50 105126.80 15.21
714.5 678993.00 103346.40 15.22
715.8 662982.60 101027.64 15.24
717.2 646787.60 98708.16 15.26
718.5 631171.45 96470.22 15.28
719.9 616839.30 94316.20 15.29
721.2 606925.80 92823.38 15.29
722.5 602056.80 92068.92 15.29
723.9 599672.70 91683.69 15.29
725.2 596786.40 91254.24 15.29
726.6 593800.35 90770.79 15.29
727.9 591141.60 90380.64 15.29
729.2 592748.80 90631.04 15.29
730.6 598246.10 91421.78 15.28
731.9 605522.40 92493.52 15.27
733.2 614687.40 93845.16 15.27
734.6 623756.50 95187.20 15.26
735.9 630977.25 96263.45 15.26
737.2 636188.80 97037.98 15.25
738.6 639464.70 97558.95 15.26
739.9 642681.60 98070.72 15.26
741.2 645487.50 98490.00 15.26
742.5 648015.90 98876.40 15.26
743.9 651074.20 99321.32 15.25
745.2 652401.75 99547.11 15.26
746.5 652843.40 99601.12 15.26
747.8 652600.50 99583.50 15.26
749.1 651550.50 99408.42 15.26
750.4 650166.75 99200.70 15.26
751.8 648671.75 98982.65 15.26
753.1 646871.70 98725.85 15.26
754.4 643546.50 98222.20 15.26
755.7 630434.50 96287.70 15.27
757.0 602693.55 92101.32 15.28
758.3 565955.10 86641.11 15.31
759.6 523252.40 80314.96 15.35
760.9 482324.80 74209.06 15.39
762.2 450361.45 69389.97 15.41
763.5 438645.75 67550.55 15.40
764.8 447661.85 68808.31 15.37
766.1 471226.95 72207.00 15.32
767.4 500917.50 76577.75 15.29
768.7 530347.00 80968.30 15.27
770.0 557491.20 85034.00 15.25
771.3 579887.20 88441.19 15.25
772.6 598746.90 91388.81 15.26
773.9 614539.40 93870.29 15.27
775.2 630420.00 96387.00 15.29
776.5 647578.90 99062.62 15.30
777.7 668404.10 102276.72 15.30
779.0 685016.85 104796.60 15.30
780.3 683639.25 104541.99 15.29
781.6 663000.00 101320.00 15.28
782.9 638393.80 97484.28 15.27
784.1 622533.60 95074.56 15.27
785.4 615561.95 94019.66 15.27
786.7 611952.75 93516.95 15.28
788.0 609508.80 93156.48 15.28
789.2 608304.00 93028.56 15.29
790.5 608247.90 93083.39 15.30
791.8 609130.90 93199.54 15.30
793.0 610023.25 93362.85 15.30
794.3 610195.80 93417.92 15.31
795.6 609768.00 93283.20 15.30
796.9 609440.20 93159.28 15.29
798.1 608722.40 92976.40 15.27
799.4 607516.95 92795.79 15.27
800.6 605749.45 92464.29 15.26
801.9 604562.00 92240.48 15.26
803.1 604628.10 92226.72 15.25
804.4 604108.80 92057.04 15.24
805.6 601372.20 91631.28 15.24
806.9 595057.75 90636.15 15.23
808.2 587233.80 89425.44 15.23
809.4 576090.90 87717.96 15.23
810.7 562045.25 85595.42 15.23
811.9 544561.50 82964.07 15.24
813.1 525771.80 80066.01 15.23
814.4 507491.70 77266.38 15.23
815.6 491762.80 74891.86 15.23
816.9 481482.00 73228.32 15.21
818.1 473671.90 71967.09 15.19
819.4 469192.30 71205.96 15.18
820.6 467438.85 70841.97 15.16
821.8 468059.60 70871.52 15.14
823.1 470706.60 71209.46 15.13
824.3 472421.60 71391.04 15.11
825.5 474589.50 71697.78 15.11
826.8 477928.50 72111.90 15.09
828.0 480258.80 72423.54 15.08
829.2 481832.40 72633.96 15.07
830.4 482724.00 72742.50 15.07
831.6 485416.80 73101.60 15.06
832.9 490037.00 73691.20 15.04
834.1 495887.65 74529.02 15.03
835.3 501708.35 75346.70 15.02
836.5 508496.40 76294.16 15.00
837.8 515352.00 77239.76 14.99
839.0 521176.65 78085.59 14.98
840.2 526276.80 78814.40 14.98
841.4 531200.00 79552.00 14.98
842.6 535928.70 80231.94 14.97
843.8 539519.20 80699.96 14.96
845.0 541449.50 80983.44 14.96
846.2 540699.60 80815.84 14.95
847.4 538745.35 80475.45 14.94
848.6 535388.40 79940.64 14.93
849.8 530671.00 79171.74 14.92
851.0 524772.00 78258.15 14.91
852.2 519146.60 77372.40 14.90
853.4 517586.25 77090.25 14.89
854.6 517654.25 77041.75 14.88
855.8 518819.60 77173.20 14.87
857.0 522480.20 77726.55 14.88
858.2 527560.10 78364.22 14.85
859.4 531524.00 78913.72 14.85
860.6 534208.20 79278.72 14.84
861.8 534537.45 79293.08 14.83
863.0 533030.75 79040.65 14.83
864.1 529340.80 78504.27 14.83
865.3 527563.50 78189.18 14.82
866.5 526162.20 77953.80 14.82
867.7 524912.00 77761.60 14.81
868.9 525553.75 77875.05 14.82
870.0 527136.60 78052.51 14.81
871.2 528417.60 78198.56 14.80
872.4 529202.80 78291.43 14.79
873.6 529311.80 78252.28 14.78
874.7 529689.60 78334.72 14.79
875.9 530487.65 78380.83 14.78
877.1 531033.70 78442.62 14.77
878.2 531154.00 78447.36 14.77
879.4 530672.80 78276.94 14.75
880.6 528654.75 77995.53 14.75
881.7 524907.40 77419.64 14.75
882.9 520489.20 76796.28 14.75
884.0 516133.10 76085.88 14.74
885.2 512270.25 75501.60 14.74
886.4 508753.30 74934.24 14.73
887.5 504479.35 74356.70 14.74
888.7 500767.80 73714.68 14.72
889.8 495559.80 72877.32 14.71
891.0 487966.60 71823.62 14.72
892.1 478055.30 70354.16 14.72
893.3 465105.00 68461.00 14.72
894.4 448559.65 66113.32 14.74
895.5 431470.50 63570.30 14.73
896.7 413644.00 61019.60 14.75
897.8 398465.55 58709.49 14.73
899.0 387889.50 57201.63 14.75
900.1 382289.60 56255.36 14.72
901.2 381490.20 56019.60 14.68
902.4 382834.80 56268.12 14.70
903.5 383461.65 56294.37 14.68
904.6 382373.10 56128.47 14.68
905.8 379507.05 55713.06 14.68
906.9 374804.40 55055.82 14.69
908.0 368663.00 54079.80 14.67
909.2 363513.15 53469.13 14.71
910.3 358674.60 52768.08 14.71
911.4 354480.80 52092.80 14.70
912.5 351014.90 51580.64 14.69
913.6 347754.00 51146.70 14.71
914.8 345823.10 50715.86 14.67
915.9 345573.80 50703.64 14.67
917.0 348313.55 51068.94 14.66
918.1 352095.95 51621.31 14.66
919.2 355391.20 52119.20 14.67
920.3 359366.70 52656.45 14.65
921.5 362083.00 53030.90 14.65
922.6 362403.00 53116.38 14.66
923.7 360258.80 52857.20 14.67
924.8 354600.20 52070.62 14.68
925.9 343184.50 50454.46 14.70
927.0 326968.25 48163.75 14.73
928.1 305756.10 45114.55 14.76
929.2 279483.75 41343.75 14.79
930.3 250810.50 37205.10 14.83
931.4 222740.70 33168.59 14.89
932.5 197798.20 29321.56 14.82
933.5 177460.00 26448.00 14.90
934.6 162858.40 24198.30 14.86
935.7 154657.85 22897.90 14.81
936.8 154880.70 22967.10 14.83
937.9 157688.40 23275.92 14.76
939.0 160758.80 23661.12 14.72
940.1 164832.00 24235.20 14.70
941.1 167836.45 24668.44 14.70
942.2 168580.40 24803.60 14.71
943.3 168513.80 24806.60 14.72
944.4 168422.40 24849.92 14.75
945.4 168966.35 24979.56 14.78
946.5 170364.60 25239.20 14.81
947.6 171430.80 25323.96 14.77
948.7 174750.50 25814.35 14.77
949.7 176345.10 26045.55 14.77
950.8 177948.90 26313.98 14.79
951.9 180493.20 26625.24 14.75
952.9 183165.25 27003.50 14.74
954.0 185582.80 27524.64 14.83
955.0 190388.10 28104.91 14.76
956.1 195373.75 28855.20 14.77
957.1 198590.90 29298.46 14.75
958.2 204450.80 30208.18 14.78
959.2 211515.00 31270.00 14.78
960.3 217948.90 32176.30 14.76
961.4 225467.55 33305.58 14.77
962.4 234330.00 34475.40 14.71
963.4 244056.60 35847.88 14.69
964.5 254423.30 37447.29 14.72
965.5 269004.40 39435.20 14.66
966.6 282919.70 41601.56 14.70
967.6 297712.80 43829.94 14.72
968.6 312447.30 46069.44 14.74
969.7 325503.45 47917.98 14.72
970.7 334600.00 49520.80 14.80
971.7 341755.35 50418.66 14.75
972.8 346410.30 51130.34 14.76
973.8 348419.30 51562.32 14.80
974.8 350438.10 51959.84 14.83
975.8 353632.50 52289.25 14.79
976.9 356252.00 52704.34 14.79
977.9 359056.15 53068.39 14.78
978.9 364302.90 53680.77 14.74
979.9 370180.80 54671.04 14.77
980.9 375642.80 55209.04 14.70
981.9 382125.40 56421.20 14.77
982.9 388369.45 57353.01 14.77
983.9 394935.00 58017.00 14.69
984.9 401730.75 58979.05 14.68
985.9 408136.20 59768.26 14.64
986.9 413729.25 60498.90 14.62
987.9 418760.80 61597.28 14.71
988.9 424208.20 62135.06 14.65
989.9 427580.50 62982.70 14.73
990.9 432228.50 63328.76 14.65
991.9 436500.75 63992.85 14.66
992.9 439356.50 64770.00 14.74
993.9 443498.90 64757.68 14.60
994.9 445364.55 65175.30 14.63
995.9 447749.55 65430.45 14.61
996.8 450202.50 66029.70 14.67
997.8 453391.35 65894.82 14.53
998.8 457226.50 66789.40 14.61
999.8 457766.40 67072.00 14.65
1000.7 461371.50 66944.10 14.51
1001.7 463891.95 68507.25 14.77
1002.6 466152.45 67687.89 14.52
1003.6 470478.20 68475.54 14.55
1004.6 474430.20 68358.76 14.41
1005.5 474636.50 68527.40 14.44
1006.5 484204.50 69975.36 14.45
1007.5 489756.45 70858.38 14.47
1008.4 493020.35 71429.72 14.49
1009.4 497478.90 72439.91 14.56
1010.3 506816.65 71840.03 14.17
1011.2 522823.30 75642.52 14.47
1012.2 530926.20 74582.49 14.05
1013.1 531904.60 77629.32 14.59
1014.0 549509.10 78046.22 14.20
988.9 304961.16 43848.60 14.38
992.7 310317.81 44591.11 14.37
996.6 316855.28 45490.14 14.36
1000.4 320037.52 45890.00 14.34
1004.3 321497.58 46085.98 14.33
1008.1 322781.55 46266.79 14.33
1012.0 327184.31 46833.48 14.31
1015.8 333014.18 47649.34 14.31
1019.6 340125.75 48705.27 14.32
1023.5 349009.03 50026.45 14.33
1027.3 357114.06 51227.20 14.34
1031.2 362794.91 52103.42 14.36
1035.0 365647.56 52491.07 14.36
1038.8 366360.81 52579.94 14.35
1042.7 366225.13 52592.75 14.36
1046.5 365376.83 52475.69 14.36
1050.3 364197.23 52339.15 14.37
1054.2 362070.94 52061.30 14.38
1058.0 358320.51 51479.25 14.37
1061.8 353077.99 50668.71 14.35
1065.6 347116.13 49793.70 14.34
1069.5 340520.81 48835.95 14.34
1073.3 333979.58 47880.00 14.34
1077.1 327894.00 46979.64 14.33
1080.9 321993.88 46148.73 14.33
1084.7 315796.61 45286.91 14.34
1088.5 308484.00 44237.95 14.34
1092.3 299363.48 42947.94 14.35
1096.2 288261.64 41411.23 14.37
1100.0 274234.28 39390.20 14.36
1103.8 255641.63 36749.22 14.38
1107.6 231710.63 33376.05 14.40
1111.4 203530.56 29371.31 14.43
1115.2 173890.03 25193.61 14.49
1119.0 145273.84 21150.84 14.56
1122.8 120736.98 17646.82 14.62
1126.6 103214.81 15107.81 14.64
1130.4 93741.78 13696.32 14.61
1134.2 90498.17 13147.84 14.53
1138.0 90567.18 13090.66 14.45
1141.8 92903.59 13398.46 14.42
1145.6 97378.73 14040.79 14.42
1149.4 104333.40 15060.79 14.44
1153.2 114741.69 16560.39 14.43
1156.9 128752.36 18560.63 14.42
1160.7 145589.06 20963.04 14.40
1164.5 163357.11 23501.93 14.39
1168.3 179756.81 25871.37 14.39
1172.1 193176.13 27832.24 14.41
1175.8 202959.90 29288.69 14.43
1179.6 209963.49 30351.81 14.46
1183.4 214944.26 31107.65 14.47
1187.2 218335.43 31637.14 14.49
1190.9 220370.15 31966.30 14.51
1194.7 221620.01 32189.75 14.52
1198.5 222516.39 32329.47 14.53
1202.2 222995.85 32418.00 14.54
1206.0 223659.81 32538.01 14.55
1209.8 224932.11 32739.91 14.56
1213.5 226952.68 33050.76 14.56
1217.3 229691.66 33426.36 14.55
1221.0 232903.11 33894.80 14.55
1224.8 236135.60 34402.43 14.57
1228.5 239303.69 34880.79 14.58
1232.3 241947.13 35291.26 14.59
1236.0 243867.71 35568.49 14.59
1239.8 244784.99 35689.99 14.58
1243.5 244472.68 35623.67 14.57
1247.3 242770.63 35378.39 14.57
1251.0 239424.56 34916.63 14.58
1254.8 234457.65 34203.96 14.59
1258.5 228413.49 33344.43 14.60
1262.2 222395.00 32497.60 14.61
1266.0 217434.88 31809.68 14.63
1269.7 213865.31 31294.03 14.63
1273.4 211917.43 30986.38 14.62
1277.2 211610.85 30939.22 14.62
1280.9 212047.31 30993.22 14.62
1284.6 212151.51 30987.25 14.61
1288.3 211324.58 30884.96 14.61
1292.1 208858.89 30547.37 14.63
1295.8 204777.00 29972.66 14.64
1299.5 199054.93 29181.41 14.66
1303.2 191990.66 28179.52 14.68
1306.9 183984.90 27035.38 14.69
1310.6 175752.94 25851.51 14.71
1314.3 167330.28 24616.96 14.71
1318.0 158088.60 23285.16 14.73
1321.8 147891.50 21816.06 14.75
1325.5 137216.10 20253.91 14.76
1329.2 126385.86 18674.88 14.78
1332.8 114637.38 16957.02 14.79
1336.5 101330.30 15002.08 14.81
1340.2 86805.06 12885.99 14.84
1343.9 71674.98 10677.69 14.90
1347.6 56570.96 8443.98 14.93
1351.3 42298.88 6334.56 14.98
1355.0 30011.41 4522.33 15.07
1358.7 20526.65 3126.66 15.23
1362.3 14072.81 2159.85 15.35
1366.0 10013.06 1535.97 15.34
1369.7 7563.00 1149.58 15.20
1373.4 6147.99 928.61 15.10
1377.1 5345.18 802.56 15.01
1380.7 4864.82 722.95 14.86
1384.4 4659.19 690.25 14.81
1388.1 4633.20 688.90 14.87
1391.7 4696.10 704.10 14.99
1395.4 4882.50 734.08 15.03
1399.0 5253.00 783.62 14.92
1402.7 5784.38 856.40 14.81
1406.4 6432.23 952.65 14.81
1410.0 7169.72 1060.81 14.80
1413.7 8063.05 1184.22 14.69
1417.3 9256.05 1355.71 14.65
1421.0 10569.94 1541.68 14.59
1424.6 11857.50 1725.84 14.55
1428.2 13176.93 1920.20 14.57
1431.9 14589.40 2116.08 14.50
1435.5 16064.55 2331.51 14.51
1439.2 17828.61 2594.59 14.55
1442.8 20389.26 2958.36 14.51
1446.4 24017.74 3488.60 14.53
1450.0 28549.06 4157.01 14.56
1453.7 32999.75 4812.51 14.58
1457.3 36466.38 5324.00 14.60
1460.9 38798.29 5669.82 14.61
1464.5 40030.33 5849.07 14.61
1468.1 40561.24 5921.88 14.60
1471.8 40988.75 5999.18 14.64
1475.4 42350.70 6217.46 14.68
1479.0 45513.96 6686.79 14.69
1482.6 50703.30 7432.48 14.66
1486.2 57942.34 8477.78 14.63
1489.8 66304.70 9699.91 14.63
1493.4 75285.00 11008.34 14.62
1497.0 84371.03 12338.80 14.62
1500.6 93208.78 13637.43 14.63
1504.2 101158.20 14807.23 14.64
1507.7 107976.86 15817.97 14.65
1511.3 113934.04 16702.58 14.66
1514.9 119289.40 17496.18 14.67
1518.5 124034.38 18209.13 14.68
1522.1 128005.20 18797.18 14.68
1525.7 131400.90 19293.50 14.68
1529.2 134101.33 19699.45 14.69
1532.8 136216.96 20019.09 14.70
1536.4 137861.50 20268.08 14.70
1539.9 139083.28 20457.93 14.71
1543.5 139839.11 20574.22 14.71
1547.0 140238.80 20633.52 14.71
1550.6 140373.59 20655.84 14.71
1554.2 140160.68 20617.99 14.71
1557.7 139590.94 20532.49 14.71
1561.3 138412.69 20371.00 14.72
1564.8 136712.36 20116.78 14.71
1568.4 134632.71 19805.08 14.71
1571.9 132550.55 19494.04 14.71
1575.5 130820.85 19242.94 14.71
1579.0 129553.76 19050.85 14.70
1582.5 128841.14 18940.36 14.70
1586.0 128478.03 18882.34 14.70
1589.6 128174.54 18830.36 14.69
1593.1 127549.33 18734.59 14.69
1596.6 126687.05 18610.26 14.69
1600.2 125706.51 18467.38 14.69
1603.7 124885.48 18335.77 14.68
1607.2 124206.52 18244.48 14.69
1610.7 123693.44 18187.58 14.70
1614.2 123516.66 18168.78 14.71
1617.7 123595.95 18183.53 14.71
1621.2 123729.31 18195.51 14.71
1624.7 123696.56 18182.08 14.70
1628.2 123207.56 18115.68 14.70
1631.7 122299.18 17989.19 14.71
1635.2 121184.78 17806.32 14.69
1638.7 119951.43 17603.48 14.68
1642.2 118662.86 17410.42 14.67
1645.7 117644.80 17265.95 14.68
1649.2 116740.64 17127.67 14.67
1652.6 115977.49 17013.78 14.67
1656.1 115177.22 16915.01 14.69
1659.6 114399.45 16802.54 14.69
1663.1 113602.50 16682.19 14.68
1666.5 112585.39 16548.74 14.70
1670.0 111475.86 16384.08 14.70
1673.5 110470.97 16236.20 14.70
1676.9 109602.63 16110.13 14.70
1680.4 108692.16 15978.44 14.70
1683.8 107730.48 15839.73 14.70
1687.3 106874.53 15699.66 14.69
1690.7 105963.61 15549.66 14.67
1694.2 105005.25 15404.16 14.67
1697.6 103983.92 15273.93 14.69
1701.1 102777.88 15108.02 14.70
1704.5 101616.90 14949.46 14.71
1707.9 100484.50 14789.12 14.72
1711.4 99234.04 14612.01 14.72
1714.8 97786.91 14411.14 14.74
1718.2 96254.20 14188.94 14.74
1721.6 94603.78 13943.38 14.74
1725.1 92689.73 13675.11 14.75
1728.5 90672.32 13383.17 14.76
1731.9 88701.08 13084.38 14.75
1735.3 86702.69 12787.01 14.75
1738.7 84914.96 12519.68 14.74
1742.1 83284.48 12258.23 14.72
1745.5 81857.75 12047.31 14.72
1748.9 80475.04 11837.30 14.71
1752.3 78923.14 11594.60 14.69
1755.7 77228.28 11336.58 14.68
1759.1 75218.73 11032.32 14.67
1762.5 72766.69 10666.19 14.66
1765.8 69804.90 10233.70 14.66
1769.2 66316.22 9725.65 14.67
1772.6 62460.26 9165.21 14.67
1776.0 58431.90 8579.04 14.68
1779.3 54206.10 7961.98 14.69
1782.7 49785.18 7317.61 14.70
1786.1 45149.04 6634.99 14.70
1789.4 40239.41 5909.25 14.69
1792.8 35078.79 5156.15 14.70
1796.1 29795.93 4379.83 14.70
1799.5 24693.50 3619.20 14.66
1802.8 19928.83 2927.95 14.69
1806.2 15820.16 2330.19 14.73
1809.5 12511.84 1839.66 14.70
1812.9 9827.20 1449.51 14.75
1816.2 7770.34 1147.62 14.77
1819.5 6217.37 917.30 14.75
1822.9 5055.38 746.64 14.77
1826.2 4205.25 626.12 14.89
1829.5 3612.13 537.33 14.88
1832.8 3158.62 467.71 14.81
1836.1 2875.29 431.69 15.01
1839.5 2663.72 407.25 15.29
1842.8 2426.94 372.53 15.35
1846.1 2288.83 353.58 15.45
1849.4 2236.69 342.04 15.29
1852.7 2127.29 318.10 14.95
1856.0 2022.53 301.18 14.89
1859.3 1974.09 293.29 14.86
1862.5 1952.40 279.84 14.33
1865.8 1901.90 280.90 14.77
1869.1 1887.90 284.70 15.08
1872.4 1877.40 278.93 14.86
1875.7 1894.99 281.28 14.84
1878.9 1927.51 289.60 15.02
1882.2 1951.30 288.50 14.78
1885.5 2071.39 297.43 14.36
1888.7 2292.48 334.30 14.58
1892.0 2475.55 360.08 14.55
1895.2 2663.08 391.54 14.70
1898.5 3016.88 437.65 14.51
1901.8 3299.48 485.11 14.70
1905.0 3500.55 521.19 14.89
1870.5 9037.22 1773.66 19.63
1873.3 6738.24 1144.23 16.98
1876.1 5010.43 763.49 15.24
1878.8 3597.00 545.00 15.15
1881.6 2789.45 441.89 15.84
1884.4 2413.49 405.81 16.81
1887.2 1976.64 306.72 15.52
1890.0 1646.10 348.75 21.19
1892.8 1418.32 246.16 17.36
1895.5 1227.14 152.13 12.40
1898.3 1130.21 189.88 16.80
1901.1 1080.10 189.64 17.56
1903.8 990.82 190.54 19.23
1906.6 955.64 164.03 17.16
1909.3 946.40 128.44 13.57
1912.1 940.57 136.22 14.48
1914.9 972.63 163.15 16.77
1917.6 997.94 170.38 17.07
1920.4 1033.67 159.48 15.43
1923.1 1089.65 177.79 16.32
1925.9 1167.41 181.72 15.57
1928.6 1282.98 183.28 14.29
1931.4 1492.50 208.95 14.00
1934.1 1801.77 245.27 13.61
1936.8 2169.18 321.36 14.81
1939.6 2652.29 360.91 13.61
1942.3 3279.59 444.03 13.54
1945.0 3893.15 537.49 13.81
1947.8 4546.56 621.23 13.66
1950.5 5287.24 734.16 13.89
1953.2 6146.41 857.00 13.94
1955.9 7344.31 1002.17 13.65
1958.7 9053.38 1227.63 13.56
1961.4 11354.64 1548.36 13.64
1964.1 14208.18 1944.63 13.69
1966.8 17595.77 2416.60 13.73
1969.5 21444.51 2955.45 13.78
1972.2 25567.65 3520.30 13.77
1974.9 29818.65 4133.57 13.86
1977.6 33983.89 4752.12 13.98
1980.3 37844.69 5319.80 14.06
1983.0 41262.00 5824.29 14.12
1985.7 43904.37 6229.14 14.19
1988.4 45548.89 6523.90 14.32
1991.1 45503.82 6571.69 14.44
1993.8 44328.65 6446.13 14.54
1996.5 42117.84 6129.01 14.55
1999.1 38824.92 5666.20 14.59
2001.8 35341.80 5182.41 14.66
2004.5 31761.79 4670.39 14.70
2007.2 28503.63 4204.85 14.75
2009.8 25971.31 3818.08 14.70
2012.5 24617.45 3586.46 14.57
2015.2 24672.10 3568.53 14.46
2017.8 25681.45 3695.44 14.39
2020.5 28080.51 4039.68 14.39
2023.2 31826.19 4589.34 14.42
2025.8 35744.80 5158.40 14.43
2028.5 40134.08 5826.92 14.52
2031.2 44546.28 6501.60 14.60
2033.8 48340.84 7090.99 14.67
2036.5 51367.80 7564.56 14.73
2039.1 53508.15 7907.75 14.78
2041.7 54297.12 8065.03 14.85
2044.4 54083.34 8078.04 14.94
2047.0 53497.12 8002.98 14.96
2049.7 52102.31 7792.72 14.96
2052.3 50284.26 7543.67 15.00
2054.9 48298.47 7259.82 15.03
2057.6 46497.56 6984.03 15.02
2060.2 45059.36 6766.47 15.02
2062.8 44061.59 6611.54 15.01
2065.4 43687.35 6536.41 14.96
2068.1 43924.23 6551.71 14.92
2070.7 44569.44 6648.48 14.92
2073.3 45644.51 6814.92 14.93
2075.9 46977.79 7008.53 14.92
2078.5 48383.45 7206.98 14.90
2081.1 49879.77 7425.93 14.89
2083.7 51226.35 7648.77 14.93
2086.3 52227.39 7796.06 14.93
2088.9 53042.72 7920.30 14.93
2091.6 53598.32 8023.84 14.97
2094.1 53889.71 8065.13 14.97
2096.7 53953.98 8059.75 14.94
2099.3 53856.15 8041.89 14.93
2101.9 53836.67 8044.50 14.94
2104.5 53798.22 8036.62 14.94
2107.1 53657.81 8000.56 14.91
2109.7 53543.27 7984.75 14.91
2112.3 53446.79 7966.09 14.90
2114.8 53395.60 7938.60 14.87
2117.4 53359.03 7946.13 14.89
2120.0 53352.75 7940.44 14.88
2122.6 53373.33 7938.67 14.87
2125.1 53341.03 7943.10 14.89
2127.7 53417.87 7945.10 14.87
2130.3 53457.08 7946.25 14.86
2132.8 53406.77 7933.23 14.85
2135.4 53311.90 7929.75 14.87
2137.9 53214.90 7895.95 14.84
2140.5 52939.70 7848.08 14.82
2143.0 52697.76 7833.05 14.86
2145.6 52169.37 7736.08 14.83
2148.1 51571.03 7631.74 14.80
2150.7 50909.29 7526.72 14.78
2153.2 50219.53 7401.87 14.74
2155.8 49398.80 7245.78 14.67
2158.3 48559.98 7119.88 14.66
2160.8 47695.88 6975.24 14.62
2163.4 46990.09 6837.92 14.55
2165.9 46381.82 6715.46 14.48
2168.4 45947.89 6617.40 14.40
2171.0 45571.29 6539.39 14.35
2173.5 45264.63 6445.24 14.24
2176.0 44984.05 6380.51 14.18
2178.5 44726.09 6321.90 14.13
2181.1 44465.84 6233.15 14.02
2183.6 44161.20 6131.70 13.88
2186.1 43837.23 6059.20 13.82
2188.6 43455.83 5975.35 13.75
2191.1 43019.17 5863.54 13.63
2193.6 42650.83 5768.75 13.53
2196.1 42383.04 5692.96 13.43
2198.6 42196.40 5639.47 13.36
2201.1 42068.73 5586.93 13.28
2203.6 41881.70 5529.94 13.20
2206.1 41776.33 5465.37 13.08
2208.6 41806.80 5413.87 12.95
2211.1 41841.59 5378.40 12.85
2213.6 41905.86 5353.60 12.78
2216.0 42070.39 5368.79 12.76
2218.5 42081.20 5353.60 12.72
2221.0 42074.45 5341.45 12.70
2223.5 42001.33 5338.00 12.71
2225.9 41895.00 5326.65 12.71
2228.4 41902.93 5346.04 12.76
2230.9 41816.12 5342.98 12.78
2233.3 41450.88 5284.62 12.75
2235.8 41189.15 5279.55 12.82
2238.3 41056.40 5300.59 12.91
2240.7 40751.01 5263.62 12.92
2243.2 40387.89 5217.63 12.92
2245.7 40067.74 5200.57 12.98
2248.1 39686.85 5159.73 13.00
2250.6 39287.27 5109.90 13.01
2253.0 38925.33 5074.67 13.04
2255.4 38466.42 5006.61 13.02
2257.9 37999.34 4965.27 13.07
2260.3 37576.51 4932.56 13.13
2262.8 37168.72 4869.20 13.10
2265.2 36822.34 4835.92 13.13
2267.6 36506.23 4795.70 13.14
2270.1 36220.65 4767.37 13.16
2272.5 36011.88 4765.05 13.23
2274.9 35768.52 4744.90 13.27
2277.3 35519.75 4696.53 13.22
2279.8 35331.04 4662.70 13.20
2282.2 35123.80 4651.25 13.24
2284.6 34896.69 4623.42 13.25
2287.0 34656.89 4590.48 13.25
2289.4 34321.68 4536.81 13.22
2291.8 34006.20 4502.76 13.24
2294.3 33765.42 4476.12 13.26
2296.7 33581.09 4445.12 13.24
2299.1 33414.73 4413.27 13.21
2301.5 33365.90 4399.26 13.18
2303.9 33314.13 4401.76 13.21
2306.3 33259.20 4368.96 13.14
2308.7 32914.64 4286.45 13.02
2311.0 32603.03 4253.15 13.05
2313.4 32447.93 4230.18 13.04
2315.8 32024.72 4150.00 12.96
2318.2 31517.21 4056.08 12.87
2320.6 30803.64 3976.30 12.91
2323.0 30415.08 3915.45 12.87
2325.3 30441.31 3875.83 12.73
2327.7 30314.40 3845.40 12.69
2330.1 30087.68 3812.06 12.67
2332.5 29817.25 3789.08 12.71
2334.8 29286.33 3680.53 12.57
2337.2 28696.48 3605.12 12.56
2339.6 28017.95 3529.39 12.60
2341.9 27263.41 3417.00 12.53
2344.3 26443.50 3314.94 12.54
2346.6 25511.44 3168.11 12.42
2349.0 24875.55 3090.76 12.42
2351.3 24236.55 3025.62 12.48
2353.7 23857.07 2971.58 12.46
2356.0 23799.72 2958.00 12.43
2358.4 23505.74 2916.92 12.41
2360.7 23252.58 2897.42 12.46
2363.1 22928.50 2845.50 12.41
2365.4 22470.72 2798.32 12.45
2367.7 21886.95 2734.11 12.49
2370.1 21257.70 2662.08 12.52
2372.4 20681.69 2613.64 12.64
2374.7 19955.08 2507.77 12.57
2377.0 19393.00 2438.33 12.57
2379.3 18913.72 2411.43 12.75
2381.7 18473.78 2344.37 12.69
2384.0 18147.78 2291.03 12.62
2386.3 17924.13 2274.96 12.69
2388.6 17847.10 2270.77 12.72
2390.9 17872.16 2265.22 12.67
2393.2 17977.51 2279.00 12.68
2395.5 18000.45 2287.35 12.71
2397.8 17763.84 2274.45 12.80
2400.2 17504.59 2233.97 12.76
2402.4 17311.90 2194.08 12.67
2404.7 16907.07 2151.88 12.73
2407.0 16316.52 2086.91 12.79
2409.3 15616.86 1995.00 12.77
2411.6 14886.59 1872.40 12.58
2413.9 14218.26 1807.82 12.71
2416.2 13790.53 1768.02 12.82
2418.5 13636.71 1724.33 12.64
2420.8 13606.15 1714.39 12.60
2423.0 13675.15 1731.57 12.66
2425.3 13932.57 1769.28 12.70
2427.6 14112.95 1774.35 12.57
2429.8 14091.74 1741.33 12.36
2432.1 13964.71 1732.94 12.41
2434.4 13963.80 1758.24 12.59
2436.6 13865.94 1729.89 12.48
2438.9 13395.57 1651.88 12.33
2441.2 12730.90 1583.40 12.44
2443.4 12108.99 1513.05 12.50
2445.7 11565.74 1426.04 12.33
2447.9 10962.75 1366.85 12.47
2450.2 10380.84 1304.67 12.57
2452.4 10048.55 1254.88 12.49
2454.7 9954.42 1222.73 12.28
2456.9 9968.17 1216.93 12.21
2459.1 9988.46 1236.90 12.38
2461.4 10012.27 1228.01 12.27
2463.6 9985.01 1228.77 12.31
2465.8 9648.68 1192.19 12.36
2468.1 9083.93 1117.63 12.30
2470.3 8554.00 1060.80 12.40
2472.5 7997.97 1006.37 12.58
2474.8 7366.90 928.87 12.61
2477.0 6680.64 836.42 12.52
2479.2 5898.77 742.77 12.59
2481.4 5158.19 666.11 12.91
2483.6 4420.45 577.55 13.07
2485.8 3744.14 487.64 13.02
2488.0 3215.58 434.85 13.52
2490.2 2742.48 363.32 13.25
2492.4 2409.75 309.40 12.84
2494.7 2236.65 308.30 13.78
2496.8 2151.59 308.25 14.33
2499.0 2085.05 296.96 14.24
2501.2 2006.44 259.73 12.94
2503.4 1955.43 274.56 14.04
2505.6 1949.21 319.21 16.38
