/*** Spectra Vista SIG Data ***/
name= \My Documents\varunmtech14\sal.
instrument= HR: 1031044
integration= 10, 9.6, 30, 30, 19.2, 30
scan time= 1, 1
scan settings= AD, AI, AD, AI
external data set1= 8224, 8224, 8224, 8224, 8224, 8224, 8224, 8224, 8224, 8224, 8224, 8224, 8224, 8224, 8224, 8224
external data set2= 8224, 8224, 8224, 8224, 8224, 8224, 8224, 8224, 8224, 8224, 8224, 8224, 8224, 8224, 8224, 8224
external data dark= 0,0,0,0,0,0,0,0
external data mask= 0
optic= LENS 4, LENS 4
temp= 45.87, 9.01, -4.97, 45.87, 9.01, -4.97
battery= 7.3, 7.3
error= 0, 0
units= Radiance, Radiance
time= 1/30/08 09:36:22 PM, 1/30/08 09:36:50 PM
longitude= , 
latitude= , 
gpstime= , 
comm= 
memory slot= 0, 0
factors= 
data= 
341.6 104715.00 3222.00 3.08
343.1 109195.65 3240.78 2.97
344.7 112481.85 3325.87 2.96
346.3 116134.70 3246.62 2.80
347.9 120814.50 3202.60 2.65
349.5 129419.50 3292.57 2.54
351.1 141576.75 3560.25 2.51
352.6 152186.55 3736.78 2.46
354.2 160820.00 3984.67 2.48
355.8 165729.85 4100.90 2.47
357.4 167705.40 4137.57 2.47
358.9 165744.70 4006.77 2.42
360.5 166268.70 3868.55 2.33
362.1 173087.20 3814.80 2.20
363.6 184443.50 3906.67 2.12
365.2 201385.60 4161.07 2.07
366.8 224404.25 4548.92 2.03
368.3 243638.25 4933.35 2.02
369.9 252528.25 5119.83 2.03
371.5 254600.55 5187.83 2.04
373.0 252634.85 5075.85 2.01
374.6 248751.00 4897.00 1.97
376.1 246078.00 4658.27 1.89
377.7 244296.00 4539.60 1.86
379.3 245911.05 4484.70 1.82
380.8 260853.20 4817.30 1.85
382.4 280544.55 5250.05 1.87
383.9 285069.00 5462.40 1.92
385.5 278371.20 5335.73 1.92
387.0 273737.00 5182.53 1.89
388.6 281135.40 5230.30 1.86
390.1 284481.60 5199.20 1.83
391.7 279715.80 5006.73 1.79
393.2 269652.30 4738.47 1.76
394.8 272118.00 4617.00 1.70
396.3 290951.55 4756.75 1.63
397.9 324878.20 5181.22 1.59
399.4 370440.00 5814.00 1.57
401.0 423254.80 6527.87 1.54
402.5 469931.00 7259.00 1.54
404.1 506656.85 7868.70 1.55
405.6 525395.30 8187.53 1.56
407.1 532602.05 8369.98 1.57
408.7 531272.00 8332.45 1.57
410.2 522653.40 8204.00 1.57
411.7 509916.60 8027.80 1.57
413.3 501978.75 7946.25 1.58
414.8 501026.80 7951.37 1.59
416.4 508451.90 8154.12 1.60
417.9 520576.40 8445.87 1.62
419.4 539244.80 8865.33 1.64
420.9 564051.75 9424.50 1.67
422.5 589533.75 10042.50 1.70
424.0 604486.05 10461.50 1.73
425.5 603288.00 10586.80 1.75
427.1 587509.60 10523.47 1.79
428.6 565830.60 10332.65 1.83
430.1 544929.90 9996.57 1.83
431.6 530487.30 9891.00 1.86
433.2 526477.05 9874.10 1.88
434.7 531300.00 10023.75 1.89
436.2 543416.25 10322.75 1.90
437.8 562292.85 10732.87 1.91
439.3 583615.00 11199.17 1.92
440.8 609781.50 11755.50 1.93
442.3 639248.50 12443.93 1.95
443.8 670253.85 13154.10 1.96
445.4 700610.85 13922.10 1.99
446.9 726444.10 14606.53 2.01
448.4 747441.00 15240.53 2.04
449.9 759759.00 15743.00 2.07
451.4 763268.00 16053.58 2.10
452.9 758216.60 16196.98 2.14
454.5 750425.40 16220.60 2.16
456.0 740280.45 16213.70 2.19
457.5 731841.00 16200.60 2.21
459.0 726795.65 16213.75 2.23
460.5 722577.60 16208.90 2.24
462.0 719666.85 16213.20 2.25
463.6 721092.75 16303.58 2.26
465.1 732714.45 16608.15 2.27
466.6 760533.90 17230.03 2.27
468.1 791244.00 17916.00 2.26
469.6 803697.30 18216.10 2.27
471.1 805196.60 18297.07 2.27
472.6 809702.40 18457.60 2.28
474.1 818676.50 18748.42 2.29
475.6 825926.30 19002.88 2.30
477.1 826407.45 19124.78 2.31
478.6 821551.60 19104.00 2.33
480.1 812426.50 18983.20 2.34
481.6 795150.00 18687.50 2.35
483.1 772021.25 18256.33 2.36
484.7 749412.30 17789.80 2.37
486.2 732434.80 17474.30 2.39
487.7 722156.35 17342.32 2.40
489.2 722251.75 17479.08 2.42
490.7 734094.90 17948.70 2.45
492.2 753831.90 18676.15 2.48
493.7 775990.40 19516.80 2.52
495.2 796437.50 20395.83 2.56
496.7 812151.75 21274.25 2.62
498.1 823044.65 22155.52 2.69
499.6 829414.50 23046.00 2.78
501.1 832427.50 23980.57 2.88
502.6 832431.45 25007.52 3.00
504.1 829494.60 26217.40 3.16
505.6 824607.00 27581.40 3.34
507.1 819263.25 29131.88 3.56
508.6 810900.00 30812.50 3.80
510.1 799038.40 32617.07 4.08
511.6 786550.05 34523.98 4.39
513.1 770665.00 36435.00 4.73
514.6 756542.60 38533.00 5.09
516.1 743426.00 40889.53 5.50
517.5 730575.30 43443.40 5.95
519.0 722863.80 46471.20 6.43
520.5 722555.75 50045.37 6.93
522.0 731735.20 54262.13 7.42
523.5 745746.75 58731.75 7.88
525.0 761707.80 63296.10 8.31
526.5 779987.50 68012.92 8.72
528.0 799686.00 72815.83 9.11
529.4 818467.50 77470.00 9.47
530.9 836467.90 81912.80 9.79
532.4 851862.00 85932.00 10.09
533.9 861730.00 89209.83 10.35
535.4 864731.70 91556.50 10.59
536.8 860365.40 92961.60 10.80
538.3 850926.20 93536.07 10.99
539.8 839553.55 93648.13 11.15
541.3 825915.60 93366.60 11.30
542.8 814127.20 93138.00 11.44
544.2 803929.70 92958.72 11.56
545.7 796794.05 93072.42 11.68
547.2 790711.60 93208.27 11.79
548.6 785287.50 93331.50 11.89
550.1 780703.30 93455.50 11.97
551.6 779529.80 93871.87 12.04
553.1 778793.20 94121.33 12.09
554.5 778676.50 94226.40 12.10
556.0 778876.00 94285.33 12.11
557.5 776445.00 94248.25 12.14
558.9 779187.30 94216.55 12.09
560.4 788810.40 94188.00 11.94
561.9 805327.40 94358.50 11.72
563.3 819053.00 94307.07 11.51
564.8 830375.70 94028.70 11.32
566.3 837915.20 93094.57 11.11
567.7 840451.95 91372.45 10.87
569.2 841251.60 89273.40 10.61
570.6 839061.95 86702.02 10.33
572.1 835727.75 83988.67 10.05
573.6 832141.20 81215.20 9.76
575.0 828025.40 78464.60 9.48
576.5 823393.80 75759.82 9.20
577.9 819101.40 73198.45 8.94
579.4 814082.40 70771.57 8.69
580.9 809232.00 68523.28 8.47
582.3 804689.80 66487.33 8.26
583.8 798595.20 64511.40 8.08
585.2 788881.20 62466.00 7.92
586.7 776594.00 60338.67 7.77
588.1 761928.90 58156.70 7.63
589.6 750199.50 56308.50 7.51
591.0 741307.95 54806.87 7.39
592.5 737262.00 53761.25 7.29
593.9 736276.10 53096.40 7.21
595.4 739467.20 52766.93 7.14
596.8 744337.20 52608.67 7.07
598.2 748336.60 52424.60 7.01
599.7 753940.00 52363.33 6.95
601.1 762822.85 52487.77 6.88
602.6 771848.40 52593.40 6.81
604.0 783008.80 52806.40 6.74
605.5 793336.50 52866.92 6.66
606.9 803126.40 52828.53 6.58
608.3 810685.50 52504.90 6.48
609.8 816882.30 52036.80 6.37
611.2 821941.75 51453.17 6.26
612.6 824518.20 50614.30 6.14
614.1 828217.80 49822.10 6.02
615.5 829880.10 48930.70 5.90
616.9 829670.40 47865.60 5.77
618.4 824083.30 46545.37 5.65
619.8 809043.75 44730.75 5.53
621.2 789730.80 42818.93 5.42
622.7 770275.20 41062.67 5.33
624.1 755283.50 39672.27 5.25
625.5 742698.60 38521.55 5.19
626.9 734674.05 37747.60 5.14
628.4 728479.80 37146.00 5.10
629.8 723702.70 36777.57 5.08
631.2 723724.80 36735.20 5.08
632.6 726252.80 36782.63 5.06
634.0 725961.00 36600.00 5.04
635.5 725812.80 36335.73 5.01
636.9 725371.50 35919.92 4.95
638.3 725382.00 35385.60 4.88
639.7 725341.75 34764.80 4.79
641.1 726563.95 34051.85 4.69
642.5 725946.00 33187.40 4.57
644.0 725575.05 32311.90 4.45
645.4 725820.95 31469.55 4.34
646.8 723534.50 30534.27 4.22
648.2 722696.70 29669.20 4.11
649.6 722687.50 28795.60 3.98
651.0 722227.20 27929.60 3.87
652.4 720916.30 26975.22 3.74
653.8 720042.70 26020.52 3.61
655.2 717798.80 24881.07 3.47
656.6 713322.40 23826.60 3.34
658.0 713004.60 23271.50 3.26
659.4 718025.25 23056.05 3.21
660.8 724696.50 22906.83 3.16
662.2 735286.30 22847.17 3.11
663.6 744292.80 22608.00 3.04
665.0 750226.80 22259.20 2.97
666.4 751708.20 21789.30 2.90
667.8 749730.60 21251.70 2.83
669.2 744168.75 20767.50 2.79
670.6 736784.75 20229.08 2.75
672.0 729305.10 19844.10 2.72
673.4 721876.40 19525.77 2.70
674.8 716329.60 19300.40 2.69
676.1 711334.40 19159.47 2.69
677.5 707644.00 19157.95 2.71
678.9 704403.55 19293.90 2.74
680.3 701175.20 19503.73 2.78
681.7 697001.95 19805.85 2.84
683.1 686754.60 20149.80 2.93
684.4 672752.15 20541.52 3.05
685.8 658674.00 21155.40 3.21
687.2 644272.80 22100.00 3.43
688.6 632448.25 23506.00 3.72
689.9 623528.20 25500.63 4.09
691.3 619673.60 28263.20 4.56
692.7 620489.60 31867.73 5.14
694.1 623507.50 36267.00 5.82
695.4 627225.60 41510.40 6.62
696.8 631515.50 47457.67 7.51
698.2 637222.00 54192.43 8.50
699.5 644013.40 61640.87 9.57
700.9 654031.90 70034.43 10.71
702.2 666400.00 79446.67 11.92
703.6 678558.40 89622.87 13.21
705.0 686458.50 99978.67 14.56
706.3 687588.85 109806.23 15.97
707.7 682141.70 118784.33 17.41
709.0 673010.40 127011.20 18.87
710.4 664577.60 135240.10 20.35
711.8 657582.40 143403.87 21.81
713.1 650545.50 151092.33 23.23
714.5 640372.20 157522.80 24.60
715.8 626591.70 162645.35 25.96
717.2 612529.20 167521.13 27.35
718.5 599098.50 172653.95 28.82
719.9 586614.60 178037.20 30.35
721.2 578546.80 184752.10 31.93
722.5 575112.90 192894.20 33.54
723.9 573904.35 201579.00 35.12
725.2 572241.60 209865.60 36.67
726.6 570475.95 217864.90 38.19
727.9 569126.60 225917.07 39.70
729.2 571736.40 235433.20 41.18
730.6 578091.20 246372.93 42.62
731.9 586157.60 257878.13 43.99
733.2 596157.60 269990.40 45.29
734.6 606048.00 281820.17 46.50
735.9 613980.15 292585.30 47.65
737.2 620145.50 302015.57 48.70
738.6 624292.40 310236.40 49.69
739.9 628267.20 318049.60 50.62
741.2 631942.50 325377.50 51.49
742.5 635239.15 332195.50 52.29
743.9 639108.40 338927.40 53.03
745.2 641156.10 344370.22 53.71
746.5 642256.20 348953.43 54.33
747.8 642692.70 352805.30 54.89
749.1 642332.10 355893.70 55.41
750.4 641626.95 358489.55 55.87
751.8 640841.00 360690.58 56.28
753.1 639641.90 362369.30 56.65
754.4 636902.00 362957.83 56.99
755.7 624548.00 357741.58 57.28
757.0 598119.30 344400.90 57.58
758.3 562969.80 325574.25 57.83
759.6 521558.40 302629.07 58.02
760.9 482081.30 280560.70 58.20
762.2 451000.40 263099.95 58.34
763.5 439441.75 256975.33 58.48
764.8 448467.45 262810.22 58.60
766.1 471532.05 277030.80 58.75
767.4 500661.25 294824.17 58.89
768.7 529729.00 312570.67 59.01
770.0 556609.75 328901.83 59.09
771.3 578943.10 342515.98 59.16
772.6 597945.15 354124.07 59.22
773.9 613990.90 363893.18 59.27
775.2 630249.00 373844.00 59.32
776.5 647818.50 384518.07 59.36
777.7 669232.20 397424.30 59.39
779.0 686431.20 407781.80 59.41
780.3 685225.10 407402.57 59.46
781.6 664836.00 395442.67 59.48
782.9 640178.50 381044.47 59.52
784.1 624477.60 371908.80 59.56
785.4 617753.25 368202.85 59.60
786.7 614401.85 366398.25 59.63
788.0 612295.20 365277.60 59.66
789.2 611515.95 364960.55 59.68
790.5 611847.00 365308.65 59.71
791.8 613001.20 366162.07 59.73
793.0 614316.75 367094.25 59.76
794.3 614784.80 367543.60 59.78
795.6 614520.00 367512.00 59.80
796.9 614431.40 367685.07 59.84
798.1 613883.60 367567.20 59.88
799.4 612937.80 367167.15 59.90
800.6 611439.80 366416.97 59.93
801.9 610372.80 366027.33 59.97
803.1 610644.30 366256.50 59.98
804.4 610567.20 366334.80 60.00
805.6 607996.35 364859.30 60.01
806.9 601797.75 361320.17 60.04
808.2 594062.10 356785.70 60.06
809.4 583075.35 350428.65 60.10
810.7 569181.00 342152.22 60.11
811.9 551839.05 331839.55 60.13
813.1 533106.60 320675.23 60.15
814.4 514721.40 309686.00 60.17
815.6 498975.10 300180.90 60.16
816.9 488437.20 293940.00 60.18
818.1 480523.55 289200.17 60.18
819.4 475858.60 286623.47 60.23
820.6 474413.10 285916.90 60.27
821.8 474767.20 286109.13 60.26
823.1 477719.90 288088.97 60.30
824.3 479648.40 289315.60 60.32
825.5 482027.70 290790.50 60.33
826.8 485495.50 293046.83 60.36
828.0 488273.80 294711.55 60.36
829.2 489972.00 295898.40 60.39
830.4 491151.00 296641.00 60.40
831.6 494128.80 298452.00 60.40
832.9 499043.00 301464.00 60.41
834.1 505113.10 305202.07 60.42
835.3 511146.35 308937.20 60.44
836.5 518425.20 313413.87 60.45
837.8 525596.00 317826.67 60.47
839.0 531769.35 321707.15 60.50
840.2 537240.90 325109.40 60.51
841.4 542640.00 328506.67 60.54
842.6 547630.20 331650.10 60.56
843.8 551647.80 334201.27 60.58
845.0 553928.70 335679.53 60.60
846.2 553420.00 335493.67 60.62
847.4 551618.10 334580.77 60.65
848.6 548505.75 332807.50 60.68
849.8 544042.90 330176.60 60.69
851.0 538501.50 326880.75 60.70
852.2 532896.00 323495.20 60.71
853.4 531127.50 322431.25 60.71
854.6 531352.50 322650.50 60.72
855.8 532610.00 323514.53 60.74
857.0 536375.95 325937.52 60.77
858.2 541771.70 329296.13 60.78
859.4 546154.80 332001.87 60.79
860.6 549091.80 333844.80 60.80
861.8 549793.50 334417.73 60.83
863.0 548670.75 333816.25 60.84
864.1 545284.80 331768.07 60.84
865.3 543420.90 330667.45 60.85
866.5 542043.60 329911.00 60.86
867.7 541130.00 329342.00 60.86
868.9 541899.50 329946.00 60.89
870.0 543623.45 331064.80 60.90
871.2 545058.00 332091.07 60.93
872.4 546116.90 332759.82 60.93
873.6 546271.60 332910.20 60.94
874.7 546956.80 333346.13 60.95
875.9 548091.50 334015.37 60.94
877.1 548739.10 334520.87 60.96
878.2 548947.00 334728.07 60.98
879.4 548776.20 334552.63 60.96
880.6 546850.95 333413.20 60.97
881.7 542973.85 331124.88 60.98
882.9 538510.50 328451.20 60.99
884.0 534207.80 325583.68 60.95
885.2 530364.00 323468.00 60.99
886.4 526553.10 321223.17 61.00
887.5 522260.30 318685.57 61.02
888.7 518551.80 316357.60 61.01
889.8 513487.80 313291.80 61.01
891.0 506201.30 308834.53 61.01
892.1 496161.15 302626.35 60.99
893.3 482757.50 294515.33 61.01
894.4 466080.30 284206.65 60.98
895.5 448059.50 273249.00 60.98
896.7 429760.00 261911.33 60.94
897.8 413932.20 252249.90 60.94
899.0 402696.90 245395.10 60.94
900.1 396580.80 241488.80 60.89
901.2 395249.40 240731.40 60.91
902.4 396885.30 241668.60 60.89
903.5 397793.55 242309.10 60.91
904.6 396834.00 241631.55 60.89
905.8 393757.65 239998.20 60.95
906.9 389193.60 237079.20 60.92
908.0 382849.00 233088.67 60.88
909.2 377501.15 229811.18 60.88
910.3 372626.00 226872.13 60.88
911.4 368039.20 224010.93 60.87
912.5 364522.40 221943.23 60.89
913.6 361003.50 219796.50 60.88
914.8 358948.70 218456.17 60.86
915.9 358359.30 218023.22 60.84
917.0 361099.05 219667.07 60.83
918.1 365210.75 222223.00 60.85
919.2 368829.60 224276.00 60.81
920.3 372937.95 226911.30 60.84
921.5 375981.50 228753.67 60.84
922.6 376646.70 228920.90 60.78
923.7 374871.20 227544.53 60.70
924.8 369405.30 224122.73 60.67
925.9 357672.50 217018.17 60.68
927.0 341508.25 206892.08 60.58
928.1 319637.50 193609.00 60.57
929.2 292713.75 176951.25 60.45
930.3 263212.20 158692.40 60.29
931.4 233747.15 140783.07 60.23
932.5 207020.00 124337.47 60.06
933.5 185250.00 111150.00 60.00
934.6 169388.10 101338.38 59.83
935.7 160285.30 95731.33 59.73
936.8 159984.50 95336.37 59.59
937.9 162256.20 96784.40 59.65
939.0 165386.40 98319.73 59.45
940.1 169320.00 100912.00 59.60
941.1 172803.25 102647.20 59.40
942.2 173625.20 102998.00 59.32
943.3 173646.20 102933.13 59.28
944.4 173427.20 102417.07 59.05
945.4 174059.70 102605.17 58.95
946.5 175547.65 103285.42 58.84
947.6 176716.20 103793.00 58.73
948.7 180138.25 105412.50 58.52
949.7 181602.00 106093.80 58.42
950.8 183319.10 106753.07 58.23
951.9 186227.10 108113.10 58.05
952.9 188769.75 109457.58 57.98
954.0 191317.10 110428.72 57.72
955.0 195987.75 112792.95 57.55
956.1 201385.25 115584.75 57.39
957.1 205033.20 117268.53 57.19
958.2 210768.10 120220.13 57.04
959.2 218005.00 124195.00 56.97
960.3 224627.00 127794.55 56.89
961.4 232328.25 131912.55 56.78
962.4 241071.00 136746.00 56.72
963.4 251662.70 142201.00 56.50
964.5 262267.45 148015.70 56.44
965.5 276750.60 155980.30 56.36
966.6 292010.95 164369.80 56.29
967.6 307110.30 173039.30 56.34
968.6 322953.00 181709.70 56.27
969.7 336797.25 189305.60 56.21
970.7 347984.00 195043.92 56.05
971.7 354316.70 198960.23 56.15
972.8 359440.00 201585.93 56.08
973.8 362430.80 203322.43 56.10
974.8 364494.40 204220.27 56.03
975.8 367233.75 205865.83 56.06
976.9 370397.30 207115.13 55.92
977.9 373222.25 209404.02 56.11
978.9 379056.60 212226.30 55.99
979.9 384350.40 215102.40 55.97
980.9 389168.40 218254.00 56.08
981.9 395589.55 221837.90 56.08
982.9 403075.35 225490.47 55.94
983.9 410313.00 230204.00 56.10
984.9 417097.50 234160.00 56.14
985.9 423422.20 237442.53 56.08
986.9 430534.50 241408.75 56.07
987.9 435544.80 244207.20 56.07
988.9 441810.20 247014.73 55.91
989.9 446050.50 250268.50 56.11
990.9 449711.90 252538.00 56.16
991.9 453879.00 254540.25 56.08
992.9 457708.00 256561.17 56.05
993.9 460600.40 258422.67 56.11
994.9 464675.75 260298.88 56.02
995.9 466993.80 262149.45 56.14
996.8 472030.50 263300.25 55.78
997.8 473801.25 264842.75 55.90
998.8 477513.00 266845.50 55.88
999.8 479564.80 267729.07 55.83
1000.7 481273.80 268982.60 55.89
1001.7 485422.80 269461.85 55.51
1002.6 487437.95 271744.88 55.75
1003.6 491440.10 273281.07 55.61
1004.6 497386.50 273775.13 55.04
1005.5 499913.00 273360.67 54.68
1006.5 506071.80 278027.10 54.94
1007.5 514070.60 279033.82 54.28
1008.4 520194.70 282095.63 54.23
1009.4 523662.00 283650.25 54.17
1010.3 541260.50 287032.08 53.03
1011.2 539509.15 289221.40 53.61
1012.2 549887.85 294959.00 53.64
1013.1 553468.30 292307.93 52.81
1014.0 573400.80 297318.93 51.85
988.9 322471.45 183152.97 56.80
992.7 328173.19 186943.63 56.96
996.6 335695.33 192096.33 57.22
1000.4 339456.72 195216.06 57.51
1004.3 341217.45 197230.56 57.80
1008.1 343036.20 199287.44 58.10
1012.0 347897.53 203233.78 58.42
1015.8 354313.05 208039.89 58.72
1019.6 362094.13 213634.77 59.00
1023.5 371796.56 220388.50 59.28
1027.3 380614.38 226622.69 59.54
1031.2 386992.59 231411.69 59.80
1035.0 390455.31 234373.22 60.03
1038.8 391822.93 236046.96 60.24
1042.7 392361.16 237196.51 60.45
1046.5 391994.10 237699.56 60.64
1050.3 391202.78 237919.53 60.82
1054.2 389392.95 237416.19 60.97
1058.0 385751.89 235704.98 61.10
1061.8 380497.43 232899.50 61.21
1065.6 374460.00 229534.50 61.30
1069.5 367629.39 225576.96 61.36
1073.3 360866.09 221552.76 61.39
1077.1 354534.00 217740.38 61.42
1080.9 348311.34 213986.03 61.44
1084.7 341705.25 209982.96 61.45
1088.5 333907.20 205114.80 61.43
1092.3 324151.20 198995.44 61.39
1096.2 312173.10 191473.44 61.34
1100.0 296932.89 181897.43 61.26
1103.8 276760.40 169332.33 61.18
1107.6 250922.81 153368.44 61.12
1111.4 220485.18 134572.59 61.03
1115.2 188337.50 114724.80 60.91
1119.0 157096.16 95343.67 60.69
1122.8 130247.50 78529.41 60.29
1126.6 111148.76 66238.69 59.59
1130.4 100806.03 59092.77 58.62
1134.2 97123.54 55915.20 57.57
1138.0 97027.66 54889.93 56.57
1141.8 99308.25 55135.27 55.52
1145.6 103747.08 56459.70 54.42
1149.4 110854.24 59074.57 53.29
1153.2 121766.22 63600.80 52.23
1156.9 136768.25 70263.56 51.37
1160.7 154960.31 78685.03 50.78
1164.5 174124.28 87777.75 50.41
1168.3 191666.44 96214.94 50.20
1172.1 206043.00 103151.25 50.06
1175.8 216559.20 108183.08 49.96
1179.6 224084.78 111733.09 49.86
1183.4 229474.99 114185.16 49.76
1187.2 233242.63 115848.43 49.67
1190.9 235647.91 116898.03 49.61
1194.7 237227.64 117579.58 49.56
1198.5 238383.71 118070.34 49.53
1202.2 239054.20 118409.64 49.53
1206.0 239827.74 118866.14 49.56
1209.8 241288.21 119758.07 49.63
1213.5 243694.26 121179.09 49.73
1217.3 246791.44 123013.94 49.85
1221.0 250353.89 125137.06 49.98
1224.8 254040.30 127307.98 50.11
1228.5 257588.11 129428.65 50.25
1232.3 260555.40 131296.11 50.39
1236.0 262754.01 132814.65 50.55
1239.8 263941.56 133821.80 50.70
1243.5 263872.48 134165.65 50.84
1247.3 262333.13 133846.63 51.02
1251.0 259022.70 132657.57 51.21
1254.8 253982.93 130512.57 51.39
1258.5 247831.79 127690.61 51.52
1262.2 241623.00 124754.00 51.63
1266.0 236416.69 122224.81 51.70
1269.7 232663.59 120348.05 51.73
1273.4 230629.54 119248.36 51.71
1277.2 230377.95 118946.03 51.63
1280.9 230818.13 118929.71 51.53
1284.6 230792.81 118615.94 51.39
1288.3 229758.64 117653.21 51.21
1292.1 226987.38 115677.43 50.96
1295.8 222499.41 112742.30 50.67
1299.5 216183.03 108785.44 50.32
1303.2 208409.38 104021.33 49.91
1306.9 199591.35 98659.76 49.43
1310.6 190488.77 93106.63 48.88
1314.3 181111.56 87381.08 48.25
1318.0 170868.60 81296.78 47.58
1321.8 159702.50 74850.63 46.87
1325.5 147955.85 68181.62 46.08
1329.2 135975.48 61495.58 45.23
1332.8 123029.64 54604.00 44.38
1336.5 108588.08 47330.29 43.59
1340.2 93072.69 39913.66 42.88
1343.9 76999.05 32583.03 42.32
1347.6 60860.85 25476.99 41.86
1351.3 45520.31 18877.31 41.47
1355.0 32372.04 13298.19 41.08
1358.7 22321.94 9071.76 40.64
1362.3 15507.19 6231.56 40.18
1366.0 11157.41 4442.30 39.81
1369.7 8445.35 3316.69 39.27
1373.4 6789.39 2635.97 38.82
1377.1 5799.75 2233.69 38.51
1380.7 5195.44 1952.23 37.58
1384.4 4910.19 1788.38 36.42
1388.1 4867.20 1723.80 35.42
1391.7 4882.70 1656.08 33.92
1395.4 5037.50 1612.00 32.00
1399.0 5392.05 1622.25 30.09
1402.7 5876.93 1658.19 28.22
1406.4 6447.65 1719.89 26.67
1410.0 7154.30 1796.28 25.11
1413.7 8016.89 1861.89 23.22
1417.3 9194.65 1980.15 21.54
1421.0 10493.34 2083.35 19.85
1424.6 11781.00 2142.00 18.18
1428.2 13115.86 2244.51 17.11
1431.9 14543.43 2367.71 16.28
1435.5 16049.16 2446.61 15.24
1439.2 17813.25 2564.49 14.40
1442.8 20389.26 2788.01 13.67
1446.4 24033.01 3084.29 12.83
1450.0 28549.06 3471.77 12.16
1453.7 33045.16 3882.77 11.75
1457.3 36617.63 4227.44 11.54
1460.9 39086.02 4505.27 11.53
1464.5 40394.38 4664.39 11.55
1468.1 40879.78 4762.99 11.65
1471.8 41336.63 4870.25 11.78
1475.4 42847.35 5124.53 11.96
1479.0 46204.24 5574.82 12.07
1482.6 51619.44 6277.84 12.16
1486.2 59053.73 7276.58 12.32
1489.8 67623.60 8467.94 12.52
1493.4 76913.19 9813.94 12.76
1497.0 86400.83 11231.06 13.00
1500.6 95608.69 12685.22 13.27
1504.2 103920.30 14129.78 13.60
1507.7 111099.30 15500.67 13.95
1511.3 117447.49 16793.10 14.30
1514.9 123193.20 18073.70 14.67
1518.5 128339.06 19341.41 15.07
1522.1 132622.80 20512.80 15.47
1525.7 136282.44 21633.08 15.87
1529.2 139309.29 22708.79 16.30
1532.8 141728.63 23710.58 16.73
1536.4 143633.00 24618.13 17.14
1539.9 145087.73 25452.03 17.54
1543.5 146059.47 26220.76 17.95
1547.0 146616.00 26954.10 18.38
1550.6 146837.48 27635.35 18.82
1554.2 146727.68 28223.18 19.24
1557.7 146253.06 28724.81 19.64
1561.3 145146.68 29063.68 20.02
1564.8 143490.38 29236.73 20.38
1568.4 141467.01 29270.59 20.69
1571.9 139386.93 29268.70 21.00
1575.5 137649.83 29305.80 21.29
1579.0 136393.09 29452.98 21.59
1582.5 135740.90 29716.17 21.89
1586.0 135458.70 30053.56 22.19
1589.6 135230.72 30428.83 22.50
1593.1 134629.40 30703.46 22.81
1596.6 133835.98 30900.80 23.09
1600.2 132928.15 31082.74 23.38
1603.7 132130.21 31276.25 23.67
1607.2 131485.91 31473.11 23.94
1610.7 131063.28 31736.09 24.21
1614.2 130976.13 32047.18 24.47
1617.7 131137.34 32389.73 24.70
1621.2 131331.09 32732.54 24.92
1624.7 131373.28 32992.19 25.11
1628.2 130946.41 33128.39 25.30
1631.7 130079.35 33142.58 25.48
1635.2 128961.95 33081.26 25.65
1638.7 127706.98 32952.98 25.80
1642.2 126387.54 32776.82 25.93
1645.7 125309.44 32636.26 26.04
1649.2 124359.88 32492.87 26.13
1652.6 123568.20 32372.16 26.20
1656.1 122727.38 32225.06 26.26
1659.6 121952.88 32060.46 26.29
1663.1 121103.61 31875.53 26.32
1666.5 119980.41 31617.48 26.35
1670.0 118803.38 31335.25 26.38
1673.5 117754.03 31070.48 26.39
1676.9 116841.33 30823.12 26.38
1680.4 115908.09 30541.88 26.35
1683.8 114897.93 30276.59 26.35
1687.3 113973.64 30032.11 26.35
1690.7 113019.97 29702.56 26.28
1694.2 111971.70 29306.55 26.17
1697.6 110903.68 28897.68 26.06
1701.1 109661.63 28414.66 25.91
1704.5 108413.04 27929.24 25.76
1707.9 107160.53 27426.76 25.59
1711.4 105793.11 26885.26 25.41
1714.8 104287.50 26297.83 25.22
1718.2 102693.25 25677.68 25.00
1721.6 100941.04 25033.94 24.80
1725.1 98928.63 24342.23 24.61
1728.5 96768.68 23638.75 24.43
1731.9 94635.68 22943.59 24.24
1735.3 92459.25 22229.19 24.04
1738.7 90535.76 21614.39 23.87
1742.1 88716.46 21011.33 23.68
1745.5 87146.31 20464.44 23.48
1748.9 85654.39 19919.21 23.26
1752.3 83957.00 19352.80 23.05
1755.7 82138.75 18793.70 22.88
1759.1 80031.01 18153.77 22.68
1762.5 77407.14 17388.17 22.46
1765.8 74251.65 16543.73 22.28
1769.2 70591.75 15601.14 22.10
1772.6 66544.06 14585.00 21.92
1776.0 62311.50 13560.30 21.76
1779.3 57823.51 12514.04 21.64
1782.7 53095.56 11438.38 21.54
1786.1 48178.80 10334.65 21.45
1789.4 43004.24 9181.83 21.35
1792.8 37537.50 8004.87 21.33
1796.1 31955.05 6834.10 21.39
1799.5 26521.95 5692.70 21.46
1802.8 21482.21 4631.75 21.56
1806.2 17114.71 3740.87 21.86
1809.5 13564.06 3013.17 22.21
1812.9 10690.92 2418.41 22.62
1816.2 8464.47 1985.97 23.46
1819.5 6779.06 1646.34 24.29
1822.9 5502.58 1399.95 25.44
1826.2 4575.16 1226.53 26.81
1829.5 3885.48 1083.64 27.89
1832.8 3394.04 990.75 29.19
1836.1 3091.92 955.15 30.89
1839.5 2861.03 897.77 31.38
1842.8 2643.99 818.85 30.97
1846.1 2486.14 769.52 30.95
1849.4 2414.84 752.16 31.15
1852.7 2286.34 695.84 30.43
1856.0 2142.68 660.83 30.84
1859.3 2074.81 634.53 30.58
1862.5 2074.43 610.13 29.41
1865.8 2069.10 606.10 29.29
1869.1 2039.80 585.90 28.72
1872.4 1989.15 592.28 29.78
1875.7 2031.98 616.44 30.34
1878.9 2068.55 622.92 30.11
1882.2 2074.80 605.15 29.17
1885.5 2177.61 624.07 28.66
1888.7 2437.58 710.96 29.17
1892.0 2604.15 771.60 29.63
1895.2 2807.03 827.71 29.49
1898.5 3137.55 925.18 29.49
1901.8 3477.83 980.93 28.21
1905.0 3792.26 1069.61 28.21
1870.5 9797.36 1097.98 11.21
1873.3 6992.52 572.12 8.18
1876.1 5201.30 477.18 9.17
1878.8 4214.67 327.00 7.76
1881.6 3314.20 331.42 10.00
1884.4 2477.57 277.66 11.21
1887.2 2130.00 187.44 8.80
1890.0 1799.55 237.15 13.18
1892.8 1476.93 187.55 12.70
1895.5 1328.56 121.70 9.16
1898.3 1202.54 108.50 9.02
1901.1 1129.57 140.17 12.41
1903.8 1067.03 121.95 11.43
1906.6 998.43 64.19 6.43
1909.3 986.96 87.88 8.90
1912.1 1011.92 116.76 11.54
1914.9 1047.93 106.68 10.18
1917.6 1064.88 66.94 6.29
1920.4 1080.92 82.69 7.65
1923.1 1147.00 131.91 11.50
1925.9 1222.48 110.13 9.01
1928.6 1345.82 73.31 5.45
1931.4 1542.25 74.63 4.84
1934.1 1853.65 94.33 5.09
1936.8 2213.81 116.05 5.24
1939.6 2656.49 121.70 4.58
1942.3 3322.44 148.01 4.45
1945.0 3965.78 156.16 3.94
1947.8 4655.79 160.43 3.45
1950.5 5435.36 177.10 3.26
1953.2 6355.28 202.73 3.19
1955.9 7620.05 254.99 3.35
1958.7 9366.75 299.00 3.19
1961.4 11710.88 364.65 3.11
1964.1 14663.30 460.64 3.14
1966.8 18155.75 570.85 3.14
1969.5 22128.19 715.98 3.24
1972.2 26386.20 856.00 3.24
1974.9 30715.63 992.80 3.23
1977.6 34994.81 1146.24 3.28
1980.3 38985.40 1291.57 3.31
1983.0 42486.64 1415.08 3.33
1985.7 45211.33 1525.67 3.37
1988.4 46930.51 1610.58 3.43
1991.1 46966.24 1636.34 3.48
1993.8 45885.61 1625.34 3.54
1996.5 43741.00 1552.02 3.55
1999.1 40435.92 1455.44 3.60
2001.8 36888.91 1352.73 3.67
2004.5 33299.41 1260.43 3.79
2007.2 30037.65 1186.45 3.95
2009.8 27507.95 1128.96 4.10
2012.5 26169.41 1126.80 4.31
2015.2 26236.10 1188.64 4.53
2017.8 27213.76 1285.26 4.72
2020.5 29650.62 1443.87 4.87
2023.2 33504.26 1670.27 4.99
2025.8 37494.60 1913.60 5.10
2028.5 41995.89 2186.39 5.21
2031.2 46566.42 2451.00 5.26
2033.8 50518.13 2679.73 5.30
2036.5 53614.98 2876.70 5.37
2039.1 55800.29 3029.54 5.43
2041.7 56648.56 3099.16 5.47
2044.4 56497.19 3139.31 5.56
2047.0 55969.46 3145.68 5.62
2049.7 54589.95 3096.12 5.67
2052.3 52746.66 3039.53 5.76
2054.9 50728.70 2954.85 5.82
2057.6 48911.35 2897.57 5.92
2060.2 47465.33 2885.63 6.08
2062.8 46444.41 2871.14 6.18
2065.4 46032.24 2907.35 6.32
2068.1 46253.09 2969.63 6.42
2070.7 46888.20 3054.92 6.52
2073.3 47946.15 3194.01 6.66
2075.9 49304.52 3339.36 6.77
2078.5 50769.40 3476.83 6.85
2081.1 52336.10 3631.43 6.94
2083.7 53769.04 3799.81 7.07
2086.3 54805.37 3905.80 7.13
2088.9 55628.46 4001.56 7.19
2091.6 56218.61 4099.87 7.29
2094.1 56541.08 4161.65 7.36
2096.7 56634.55 4228.15 7.47
2099.3 56551.41 4259.75 7.53
2101.9 56551.75 4311.58 7.62
2104.5 56544.95 4367.45 7.72
2107.1 56397.09 4386.99 7.78
2109.7 56295.73 4437.70 7.88
2112.3 56215.90 4491.02 7.99
2114.8 56143.98 4511.64 8.04
2117.4 56111.64 4556.88 8.12
2120.0 56130.71 4612.21 8.22
2122.6 56165.33 4669.33 8.31
2125.1 56154.10 4711.69 8.39
2127.7 56256.37 4755.16 8.45
2130.3 56338.75 4823.54 8.56
2132.8 56287.38 4870.71 8.65
2135.4 56173.15 4905.00 8.73
2137.9 56078.44 4906.59 8.75
2140.5 55807.95 4925.20 8.83
2143.0 55567.97 4965.57 8.94
2145.6 55018.50 4947.05 8.99
2148.1 54410.68 4923.52 9.05
2150.7 53720.87 4890.18 9.10
2153.2 53013.00 4865.33 9.18
2155.8 52170.13 4809.63 9.22
2158.3 51297.97 4765.64 9.29
2160.8 50387.03 4721.75 9.37
2163.4 49648.53 4681.99 9.43
2165.9 49002.94 4640.06 9.47
2168.4 48538.36 4626.80 9.53
2171.0 48151.00 4640.25 9.64
2173.5 47809.37 4602.59 9.63
2176.0 47513.09 4594.83 9.67
2178.5 47249.45 4606.34 9.75
2181.1 46961.79 4603.36 9.80
2183.6 46620.90 4584.60 9.83
2186.1 46269.03 4571.45 9.88
2188.6 45865.98 4547.11 9.91
2191.1 45435.00 4541.88 10.00
2193.6 45066.67 4536.46 10.07
2196.1 44806.56 4509.76 10.06
2198.6 44632.81 4537.22 10.17
2201.1 44498.67 4551.00 10.23
2203.6 44327.27 4534.72 10.23
2206.1 44213.03 4537.49 10.26
2208.6 44264.89 4570.55 10.33
2211.1 44312.82 4570.39 10.31
2213.6 44351.23 4581.23 10.33
2216.0 44553.67 4634.14 10.40
2218.5 44562.00 4622.80 10.37
2221.0 44534.55 4614.09 10.36
2223.5 44460.67 4612.67 10.37
2225.9 44365.95 4594.20 10.36
2228.4 44399.46 4608.75 10.38
2230.9 44310.08 4589.92 10.36
2233.3 43929.12 4498.84 10.24
2235.8 43678.90 4457.33 10.20
2238.3 43553.35 4461.52 10.24
2240.7 43217.42 4387.32 10.15
2243.2 42829.38 4298.07 10.04
2245.7 42489.80 4230.57 9.96
2248.1 42077.73 4145.95 9.85
2250.6 41644.33 4060.36 9.75
2253.0 41263.20 3995.20 9.68
2255.4 40753.39 3905.80 9.58
2257.9 40261.10 3816.72 9.48
2260.3 39808.40 3741.44 9.40
2262.8 39338.40 3652.64 9.29
2265.2 38954.17 3584.69 9.20
2267.6 38636.33 3531.33 9.14
2270.1 38338.82 3460.67 9.03
2272.5 38102.39 3405.32 8.94
2274.9 37844.97 3374.62 8.92
2277.3 37566.18 3296.02 8.77
2279.8 37365.29 3231.76 8.65
2282.2 37142.90 3205.55 8.63
2284.6 36901.40 3162.10 8.57
2287.0 36659.06 3118.94 8.51
2289.4 36297.59 3052.55 8.41
2291.8 35959.28 2995.56 8.33
2294.3 35717.20 2951.39 8.26
2296.7 35519.45 2886.77 8.13
2299.1 35319.00 2853.18 8.08
2301.5 35258.68 2835.94 8.04
2303.9 35191.31 2794.61 7.94
2306.3 35138.64 2745.36 7.81
2308.7 34758.31 2638.07 7.59
2311.0 34462.74 2592.33 7.52
2313.4 34318.08 2598.35 7.57
2315.8 33864.00 2543.12 7.51
2318.2 33313.23 2473.71 7.43
2320.6 32546.86 2385.10 7.33
2323.0 32147.37 2322.15 7.22
2325.3 32174.43 2322.11 7.22
2327.7 32028.00 2298.40 7.18
2330.1 31780.79 2251.81 7.09
2332.5 31515.33 2248.17 7.13
2334.8 30937.77 2159.57 6.98
2337.2 30306.40 2084.64 6.88
2339.6 29582.74 2023.19 6.84
2341.9 28804.34 1931.35 6.71
2344.3 27981.72 1856.23 6.63
2346.6 26986.19 1752.35 6.49
2349.0 26304.46 1696.61 6.45
2351.3 25615.98 1649.70 6.44
2353.7 25182.85 1600.08 6.35
2356.0 25118.64 1572.96 6.26
2358.4 24806.02 1536.69 6.19
2360.7 24528.70 1513.21 6.17
2363.1 24174.50 1463.00 6.05
2365.4 23662.99 1420.20 6.00
2367.7 23032.03 1370.58 5.95
2370.1 22383.42 1309.80 5.85
2372.4 21757.47 1277.94 5.87
2374.7 20974.44 1192.95 5.69
2377.0 20416.00 1144.00 5.60
2379.3 19941.48 1114.92 5.59
2381.7 19492.60 1080.89 5.55
2384.0 19105.45 1042.38 5.46
2386.3 18840.07 1009.02 5.36
2388.6 18751.65 1005.89 5.36
2390.9 18768.41 998.36 5.32
2393.2 18866.32 987.57 5.23
2395.5 18872.55 975.38 5.17
2397.8 18654.35 956.04 5.13
2400.2 18374.21 919.87 5.01
2402.4 18154.58 900.93 4.96
2404.7 17745.21 877.13 4.94
2407.0 17121.30 808.73 4.72
2409.3 16406.88 766.08 4.67
2411.6 15647.63 712.72 4.55
2413.9 14934.87 684.04 4.58
2416.2 14477.18 678.43 4.69
2418.5 14318.13 656.49 4.59
2420.8 14251.67 624.56 4.38
2423.0 14295.98 608.16 4.25
2425.3 14572.07 643.76 4.42
2427.6 14784.79 637.39 4.31
2429.8 14762.15 631.23 4.28
2432.1 14562.88 611.37 4.20
2434.4 14541.00 590.52 4.06
2436.6 14460.45 581.10 4.02
2438.9 13995.85 550.63 3.93
2441.2 13313.30 509.60 3.83
2443.4 12700.45 476.84 3.75
2445.7 12130.60 463.00 3.82
2447.9 11447.91 415.19 3.63
2450.2 10809.45 381.51 3.53
2452.4 10457.33 370.76 3.55
2454.7 10338.02 359.63 3.48
2456.9 10336.65 363.63 3.52
2459.1 10371.31 382.85 3.69
2461.4 10388.60 366.42 3.53
2463.6 10369.62 349.65 3.37
2465.8 10012.40 323.31 3.23
2468.1 9410.55 301.10 3.20
2470.3 8850.40 301.60 3.41
2472.5 8299.88 254.24 3.06
2474.8 7676.52 213.53 2.78
2477.0 6938.00 203.74 2.94
2479.2 6126.48 178.92 2.92
2481.4 5383.89 159.65 2.97
2483.6 4642.59 138.83 2.99
2485.8 3906.69 145.73 3.73
2488.0 3318.57 120.16 3.62
2490.2 2859.68 82.04 2.87
2492.4 2540.65 77.35 3.04
2494.7 2321.28 72.54 3.13
2496.8 2194.74 86.31 3.93
2499.0 2129.28 69.50 3.26
2501.2 2038.91 58.44 2.87
2503.4 1975.52 80.36 4.07
2505.6 1956.00 88.29 4.51
