/*** Spectra Vista SIG Data ***/
name= \My Documents\varunmtech14\scrub1.
instrument= HR: 1031044
integration= 10, 9.6, 30, 40, 19.2, 30
scan time= 1, 1
scan settings= AD, AI, AD, AI
external data set1= 8224, 8224, 8224, 8224, 8224, 8224, 8224, 8224, 8224, 8224, 8224, 8224, 8224, 8224, 8224, 8224
external data set2= 8224, 8224, 8224, 8224, 8224, 8224, 8224, 8224, 8224, 8224, 8224, 8224, 8224, 8224, 8224, 8224
external data dark= 0,0,0,0,0,0,0,0
external data mask= 0
optic= LENS 4, LENS 4
temp= 46.36, 9.08, -4.97, 46.68, 9.01, -4.97
battery= 7.2, 7.1
error= 0, 0
units= Radiance, Radiance
time= 1/30/08 09:53:35 PM, 1/30/08 09:56:41 PM
longitude= , 
latitude= , 
gpstime= , 
comm= 
memory slot= 0, 0
factors= 
data= 
341.6 115025.40 3624.75 3.15
343.1 119560.80 3716.19 3.11
344.7 123316.90 3761.09 3.05
346.3 127361.55 3736.09 2.93
347.9 132573.30 3871.80 2.92
349.5 142037.00 4091.68 2.88
351.1 155287.50 4393.50 2.83
352.6 166864.85 4697.86 2.82
354.2 175956.00 4988.00 2.83
355.8 180974.50 5148.41 2.84
357.4 183065.00 5157.08 2.82
358.9 180727.75 5036.68 2.79
360.5 181190.25 4993.59 2.76
362.1 188720.40 5086.40 2.70
363.6 201144.50 5310.63 2.64
365.2 219508.80 5696.40 2.60
366.8 244430.25 6359.06 2.60
368.3 265102.65 6902.36 2.60
369.9 274483.30 7182.83 2.62
371.5 275931.70 7232.45 2.62
373.0 273472.55 7146.26 2.61
374.6 268754.00 6992.75 2.60
376.1 265976.90 6835.50 2.57
377.7 264162.60 6721.65 2.54
379.3 265820.40 6761.03 2.54
380.8 281632.30 7190.00 2.55
382.4 302131.05 7815.11 2.59
383.9 306406.50 8022.90 2.62
385.5 298487.20 7875.20 2.64
387.0 293171.50 7753.13 2.64
388.6 300810.00 7926.75 2.64
390.1 304036.80 7992.80 2.63
391.7 298916.15 7811.21 2.61
393.2 287830.40 7548.00 2.62
394.8 289959.00 7581.00 2.61
396.3 309799.05 8064.04 2.60
397.9 345726.85 9005.24 2.60
399.4 394038.00 10273.50 2.61
401.0 449913.40 11744.50 2.61
402.5 499026.50 13149.50 2.64
404.1 537382.25 14238.60 2.65
405.6 556452.20 14853.30 2.67
407.1 563263.30 15185.39 2.70
408.7 561156.05 15255.28 2.72
410.2 551484.60 15148.10 2.75
411.7 537524.40 14898.60 2.77
413.3 528840.00 14820.00 2.80
414.8 527511.20 14976.84 2.84
416.4 534912.95 15370.44 2.87
417.9 547283.60 15910.90 2.91
419.4 566364.00 16687.90 2.95
420.9 591730.50 17670.94 2.99
422.5 617760.00 18671.25 3.02
424.0 632577.75 19358.06 3.06
425.5 630579.60 19551.00 3.10
427.1 613184.00 19242.40 3.14
428.6 589695.35 18737.76 3.18
430.1 567146.35 18216.99 3.21
431.6 551635.20 17945.10 3.25
433.2 547001.70 17986.54 3.29
434.7 551760.00 18335.63 3.32
436.2 563944.00 18908.69 3.35
437.8 583122.75 19742.63 3.39
439.3 604641.75 20696.44 3.42
440.8 631163.25 21792.94 3.45
442.3 660921.25 23039.50 3.49
443.8 692284.95 24341.14 3.52
445.4 722875.05 25654.05 3.55
446.9 748830.20 26781.05 3.58
448.4 769721.35 27783.46 3.61
449.9 781690.00 28483.00 3.64
451.4 784677.85 28850.80 3.68
452.9 778893.60 28869.14 3.71
454.5 770310.60 28787.55 3.74
456.0 759500.85 28609.31 3.77
457.5 750373.20 28471.65 3.79
459.0 744840.60 28459.90 3.82
460.5 740266.60 28473.88 3.85
462.0 736944.90 28527.68 3.87
463.6 738150.00 28761.25 3.90
465.1 749620.95 29379.19 3.92
466.6 777512.40 30621.33 3.94
468.1 808380.00 31986.00 3.96
469.6 820466.50 32610.90 3.97
471.1 821520.70 32789.58 3.99
472.6 825523.20 33129.60 4.01
474.1 834141.00 33637.25 4.03
475.6 841107.30 34107.31 4.06
477.1 841142.50 34298.14 4.08
478.6 835680.60 34267.80 4.10
480.1 826041.50 34056.95 4.12
481.6 808237.50 33506.25 4.15
483.1 784390.75 32693.38 4.17
484.7 761057.15 31913.00 4.19
486.2 743416.80 31363.30 4.22
487.7 732679.35 31127.96 4.25
489.2 732498.80 31327.13 4.28
490.7 744074.10 32076.00 4.31
492.2 763652.55 33200.66 4.35
493.7 785688.00 34458.40 4.39
495.2 805843.75 35710.94 4.43
496.7 821214.00 36789.19 4.48
498.1 831648.95 37710.51 4.53
499.6 837453.00 38458.88 4.59
501.1 839914.00 39134.79 4.66
502.6 839431.60 39774.41 4.74
504.1 835927.40 40335.90 4.83
505.6 830541.60 40946.85 4.93
507.1 824713.65 41644.46 5.05
508.6 815962.50 42309.38 5.19
510.1 803675.20 42872.00 5.33
511.6 790792.15 43508.49 5.50
513.1 774445.00 44047.50 5.69
514.6 759884.40 44705.10 5.88
516.1 746405.00 45537.33 6.10
517.5 733155.15 46524.89 6.35
519.0 725128.20 47942.55 6.61
520.5 724528.90 49947.20 6.89
522.0 733543.30 52628.63 7.17
523.5 747249.30 55601.44 7.44
525.0 762926.85 58698.68 7.69
526.5 780936.25 61963.44 7.93
528.0 800217.00 65320.38 8.16
529.4 818589.50 68556.38 8.37
530.9 836182.60 71713.33 8.58
532.4 851103.00 74555.25 8.76
533.9 860462.75 76857.00 8.93
535.4 863034.90 78494.68 9.10
536.8 858193.40 79377.55 9.25
538.3 848540.70 79749.10 9.40
539.8 836752.95 79807.89 9.54
541.3 822841.20 79577.55 9.67
542.8 810842.10 79519.28 9.81
544.2 800394.70 79528.66 9.94
545.7 793004.55 79803.43 10.06
547.2 786570.00 80076.50 10.18
548.6 780869.25 80350.88 10.29
550.1 776038.30 80587.88 10.38
551.6 774533.20 81096.93 10.47
553.1 773537.20 81541.00 10.54
554.5 773128.75 81900.44 10.59
556.0 774284.00 82264.00 10.62
557.5 776833.50 82590.94 10.63
558.9 779716.45 83027.81 10.65
560.4 789064.20 83535.45 10.59
561.9 800009.80 84322.98 10.54
563.3 810828.20 84974.70 10.48
564.8 821507.40 85515.75 10.41
566.3 828556.60 85581.51 10.33
567.7 830573.25 85038.04 10.24
569.2 830923.20 84268.80 10.14
570.6 828266.55 83182.41 10.04
572.1 824573.75 81992.63 9.94
573.6 820670.40 80785.65 9.84
575.0 816281.40 79583.95 9.75
576.5 811274.20 78352.48 9.66
577.9 806652.60 77212.20 9.57
579.4 801408.55 76070.81 9.49
580.9 796331.20 75031.71 9.42
582.3 791549.20 74119.50 9.36
583.8 785406.15 73117.46 9.31
585.2 775657.20 71896.80 9.27
586.7 763368.00 70422.50 9.23
588.1 748788.20 68765.25 9.18
589.6 737235.00 67475.06 9.15
591.0 728413.45 66485.30 9.13
592.5 724377.75 65958.75 9.11
593.9 723272.90 65828.70 9.10
595.4 726117.60 66074.60 9.10
596.8 730613.20 66517.60 9.10
598.2 734204.50 66889.05 9.11
599.7 739277.50 67404.38 9.12
601.1 747647.75 68208.61 9.12
602.6 756163.50 68981.55 9.12
604.0 766788.00 69922.60 9.12
605.5 776608.25 70754.75 9.11
606.9 785959.20 71491.13 9.10
608.3 793094.70 71968.20 9.07
609.8 798933.60 72277.65 9.05
611.2 803524.25 72471.13 9.02
612.6 805751.10 72400.35 8.99
614.1 809091.60 72409.05 8.95
615.5 810488.70 72209.03 8.91
616.9 810141.90 71891.89 8.87
618.4 804592.25 71140.20 8.84
619.8 789763.50 69586.31 8.81
621.2 770951.80 67836.50 8.80
622.7 751694.00 66146.60 8.80
624.1 736997.90 64901.85 8.81
625.5 724586.85 63936.43 8.82
626.9 716723.70 63385.99 8.84
628.4 710583.30 63034.43 8.87
629.8 705781.95 62870.43 8.91
631.2 705564.00 63139.80 8.95
632.6 707892.90 63571.63 8.98
634.0 707404.80 64141.50 9.07
635.5 707158.40 65326.00 9.24
636.9 706537.00 66442.00 9.40
638.3 706366.80 66014.55 9.35
639.7 706126.05 64878.45 9.19
641.1 707076.65 64165.50 9.07
642.5 706162.95 63503.25 8.99
644.0 705445.95 62937.79 8.92
645.4 705503.40 62651.59 8.88
646.8 703150.75 62188.16 8.84
648.2 702005.70 61900.58 8.82
649.6 701799.50 61768.80 8.80
651.0 701107.20 61718.40 8.80
652.4 699544.95 61665.66 8.82
653.8 698438.95 61704.43 8.83
655.2 695842.40 61653.40 8.86
656.6 691014.80 61226.55 8.86
658.0 690501.70 61018.30 8.84
659.4 695179.95 61149.11 8.80
660.8 701608.75 61456.00 8.76
662.2 711738.30 62149.90 8.73
663.6 720144.00 62812.80 8.72
665.0 725673.60 63214.50 8.71
666.4 726883.80 63284.10 8.71
667.8 724944.60 63078.08 8.70
669.2 719386.20 62625.55 8.71
670.6 712140.65 62037.14 8.71
672.0 704702.70 61528.95 8.73
673.4 697279.40 61014.23 8.75
674.8 691786.00 60760.10 8.78
676.1 686873.60 60569.60 8.82
677.5 683107.60 60563.13 8.87
678.9 679867.70 60645.84 8.92
680.3 676584.80 60800.20 8.99
681.7 672449.60 60960.16 9.07
683.1 662344.80 60662.40 9.16
684.4 648630.90 60177.28 9.28
685.8 634951.80 59874.75 9.43
687.2 620976.00 59690.40 9.61
688.6 609505.75 60002.69 9.84
689.9 600978.60 60820.40 10.12
691.3 597368.80 62455.40 10.46
692.7 598218.40 64873.60 10.84
694.1 601331.50 68000.63 11.31
695.4 605107.20 71577.60 11.83
696.8 609378.00 75537.00 12.40
698.2 614942.60 79944.88 13.00
699.5 621503.50 84699.95 13.63
700.9 631046.10 90082.25 14.28
702.2 643025.00 96007.50 14.93
703.6 654690.40 102102.00 15.60
705.0 662343.50 107744.00 16.27
706.3 663360.10 112409.86 16.95
707.7 657985.30 115883.88 17.61
709.0 649207.20 118605.60 18.27
710.4 640971.40 121229.55 18.91
711.8 634212.00 123854.20 19.53
713.1 627361.00 126190.88 20.11
714.5 617575.20 127484.40 20.64
715.8 604197.30 127560.04 21.11
717.2 590728.40 127301.10 21.55
718.5 577825.15 127128.05 22.00
719.9 565991.80 127296.13 22.49
721.2 558344.80 128499.15 23.01
722.5 555112.80 130844.18 23.57
723.9 553994.70 133570.91 24.11
725.2 552384.00 135979.20 24.62
726.6 550629.75 138143.36 25.09
727.9 549287.20 140494.55 25.58
729.2 551719.60 143785.60 26.06
730.6 557777.60 148067.10 26.55
731.9 565409.60 152790.40 27.02
733.2 574690.80 157970.55 27.49
734.6 584006.00 163121.50 27.93
735.9 591424.25 167605.84 28.34
737.2 597013.30 171346.18 28.70
738.6 600791.25 174428.40 29.03
739.9 604348.80 177421.20 29.36
741.2 607687.50 180271.88 29.67
742.5 610624.35 182903.09 29.95
743.9 614089.00 185625.30 30.23
745.2 615737.85 187774.11 30.50
746.5 616602.60 189551.60 30.74
747.8 616760.55 190977.90 30.96
749.1 616230.00 192058.35 31.17
750.4 615511.05 192939.90 31.35
751.8 614689.25 193774.13 31.52
753.1 613409.45 194361.94 31.69
754.4 610615.00 194460.75 31.85
755.7 598396.50 191745.50 32.04
757.0 572696.10 184173.75 32.16
758.3 538557.75 173063.14 32.13
759.6 498568.40 159683.70 32.03
760.9 460409.80 146842.68 31.89
762.2 430603.15 136821.31 31.77
763.5 419790.50 133889.69 31.89
764.8 428730.25 138273.69 32.25
766.1 450937.80 147185.33 32.64
767.4 479033.75 157965.31 32.98
768.7 506914.50 168443.63 33.23
770.0 532551.35 177780.69 33.38
771.3 553819.55 185227.18 33.45
772.6 571968.45 191310.91 33.45
773.9 587059.55 196212.16 33.42
775.2 602433.00 201067.50 33.38
776.5 618946.70 206250.68 33.32
777.7 639102.10 212646.53 33.27
779.0 655382.85 217978.28 33.26
780.3 654266.55 217899.24 33.30
781.6 634780.00 211956.00 33.39
782.9 611292.80 204893.48 33.52
784.1 596354.40 200718.00 33.66
785.4 590039.75 199150.50 33.75
786.7 586817.25 198489.89 33.82
788.0 584820.00 198077.40 33.87
789.2 583984.95 198026.55 33.91
790.5 584253.90 198283.75 33.94
791.8 585230.10 198777.25 33.97
793.0 586201.25 199370.75 34.01
794.3 586544.80 199727.40 34.05
795.6 586224.00 199890.00 34.10
796.9 586099.00 200198.50 34.16
798.1 585609.20 200389.20 34.22
799.4 584611.95 200437.84 34.29
800.6 583143.95 200253.55 34.34
801.9 582194.40 200194.00 34.39
803.1 582433.20 200567.10 34.44
804.4 582415.20 200914.20 34.50
805.6 579738.90 200401.50 34.57
806.9 573995.25 198851.06 34.64
808.2 566327.40 196714.05 34.74
809.4 555894.90 193545.00 34.82
810.7 542568.85 189202.31 34.87
811.9 525991.20 183590.84 34.90
813.1 508184.95 177368.80 34.90
814.4 490705.50 171248.33 34.90
815.6 475846.00 166007.25 34.89
816.9 465998.40 162702.00 34.91
818.1 458400.15 160539.11 35.02
819.4 454213.70 159559.13 35.13
820.6 452751.90 159546.23 35.24
821.8 453335.60 160082.60 35.31
823.1 456109.15 161652.49 35.44
824.3 457886.80 162542.10 35.50
825.5 460117.35 163599.98 35.56
826.8 463358.00 165206.13 35.65
828.0 465911.95 166411.44 35.72
829.2 467468.40 167081.25 35.74
830.4 468573.00 167546.25 35.76
831.6 471319.20 168795.00 35.81
832.9 475975.00 170738.75 35.87
834.1 481615.80 173075.75 35.94
835.3 487315.40 175428.83 36.00
836.5 494076.00 178225.90 36.07
837.8 500774.00 180944.50 36.13
839.0 506473.35 183277.43 36.19
840.2 511419.65 185277.40 36.23
841.4 516400.00 187240.00 36.26
842.6 521079.90 189059.93 36.28
843.8 524704.40 190577.75 36.32
845.0 526671.50 191498.25 36.36
846.2 526244.60 191466.80 36.38
847.4 524460.75 190931.95 36.41
848.6 521519.10 189971.81 36.43
849.8 517130.90 188573.23 36.47
851.0 511805.25 186683.06 36.48
852.2 506422.00 184656.15 36.46
853.4 504735.00 184337.81 36.52
854.6 504828.50 184577.38 36.56
855.8 506001.60 185198.00 36.60
857.0 509570.60 186965.08 36.69
858.2 514715.00 189237.48 36.77
859.4 518745.20 190918.05 36.80
860.6 521397.00 192120.90 36.85
861.8 522063.95 192475.70 36.87
863.0 520616.50 192054.31 36.89
864.1 517283.15 190779.93 36.88
865.3 515467.15 190161.74 36.89
866.5 514225.20 189694.50 36.89
867.7 513358.00 189475.00 36.91
868.9 514187.50 190005.81 36.95
870.0 515850.30 190981.90 37.02
871.2 517210.80 191760.80 37.08
872.4 518081.20 192311.00 37.12
873.6 518282.00 192547.10 37.15
874.7 518745.60 192857.60 37.18
875.9 519625.70 193392.65 37.22
877.1 520384.80 193797.15 37.24
878.2 520610.00 193976.65 37.26
879.4 520270.10 193936.05 37.28
880.6 518178.15 193472.48 37.34
881.7 514683.75 192358.68 37.37
882.9 510556.20 191103.83 37.43
884.0 506378.50 189784.35 37.48
885.2 502716.75 188717.81 37.54
886.4 499561.60 187700.35 37.57
887.5 495221.50 186295.86 37.62
888.7 491579.40 185250.00 37.68
889.8 486595.80 183575.25 37.73
891.0 479678.10 181141.40 37.76
892.1 470143.50 177559.05 37.77
893.3 457583.50 172649.13 37.73
894.4 441737.45 166484.94 37.69
895.5 425054.00 159943.00 37.63
896.7 407640.00 153141.50 37.57
897.8 392725.35 147451.39 37.55
899.0 382256.25 143446.69 37.53
900.1 376443.20 141612.80 37.62
901.2 375429.60 141768.90 37.76
902.4 376884.00 142860.53 37.91
903.5 377795.55 143652.30 38.02
904.6 376824.15 143558.06 38.10
905.8 373908.60 142675.65 38.16
906.9 369494.10 140894.25 38.13
908.0 363473.00 138443.25 38.09
909.2 358442.50 136426.71 38.06
910.3 353906.40 134701.65 38.06
911.4 349485.60 132997.20 38.06
912.5 346332.30 131923.25 38.09
913.6 343216.50 130725.38 38.09
914.8 341083.30 130071.05 38.13
915.9 340824.90 130138.13 38.18
917.0 343199.35 131508.00 38.32
918.1 347360.05 133424.88 38.41
919.2 350851.20 134974.20 38.47
920.3 354842.95 136752.96 38.54
921.5 357570.50 138037.38 38.60
922.6 357715.20 138154.88 38.62
923.7 355748.80 137555.00 38.67
924.8 350628.10 135367.36 38.61
925.9 339200.30 130935.30 38.60
927.0 323878.50 124544.19 38.45
928.1 303199.00 116165.40 38.31
929.2 277646.25 105610.31 38.04
930.3 249144.60 94215.90 37.82
931.4 221434.85 83014.75 37.49
932.5 196480.80 73068.65 37.19
933.5 175940.00 65075.00 36.99
934.6 161129.95 59343.45 36.83
935.7 152717.35 56371.53 36.91
936.8 152721.40 56877.93 37.24
937.9 155305.20 58388.40 37.60
939.0 157942.00 60007.90 37.99
940.1 162588.00 61914.00 38.08
941.1 165560.00 63533.65 38.38
942.2 166268.20 63532.95 38.21
943.3 166589.15 63459.99 38.09
944.4 166028.80 63049.60 37.98
945.4 166751.85 63113.25 37.85
946.5 168111.10 63605.04 37.84
947.6 169362.60 64056.75 37.82
948.7 172173.75 65297.19 37.93
949.7 173477.70 65711.25 37.88
950.8 175507.90 66395.20 37.83
951.9 178000.20 67560.30 37.96
952.9 180363.00 68400.38 37.92
954.0 182715.65 69332.90 37.95
955.0 187454.95 70928.90 37.84
956.1 192368.00 72821.13 37.86
957.1 195509.80 73946.40 37.82
958.2 201292.15 76166.54 37.84
959.2 208565.00 78912.50 37.84
960.3 214306.30 81427.29 38.00
961.4 222037.20 84199.50 37.92
962.4 230478.00 87472.50 37.95
963.4 239757.50 91273.20 38.07
964.5 250330.70 95323.48 38.08
965.5 264075.00 100788.63 38.17
966.6 278192.25 106367.63 38.24
967.6 292826.10 111924.23 38.22
968.6 306999.90 117702.75 38.34
969.7 320259.90 123021.75 38.41
970.7 329999.25 126729.75 38.40
971.7 336557.55 128970.41 38.32
972.8 341018.70 130521.65 38.27
973.8 344215.85 131591.34 38.23
974.8 345591.10 132080.75 38.22
975.8 348091.25 132612.19 38.10
976.9 351013.00 133463.53 38.02
977.9 353607.65 134714.16 38.10
978.9 359763.30 136755.45 38.01
979.9 364276.80 138744.00 38.09
980.9 370109.60 140942.90 38.08
981.9 376355.05 143938.18 38.25
982.9 382353.40 146724.78 38.37
983.9 389343.00 149411.25 38.38
984.9 395145.00 152021.06 38.47
985.9 401257.50 154579.68 38.52
986.9 408127.50 157249.13 38.53
987.9 413725.60 159657.80 38.59
988.9 416287.30 161498.35 38.79
989.9 421116.00 162997.75 38.71
990.9 425429.40 164635.35 38.70
991.9 429345.00 165348.94 38.51
992.9 433959.00 167592.38 38.62
993.9 435518.20 168449.78 38.68
994.9 439329.80 168671.26 38.39
995.9 442617.75 170953.09 38.62
996.8 444745.50 171213.38 38.50
997.8 449017.80 172390.76 38.39
998.8 450984.50 173605.63 38.49
999.8 451059.20 174387.20 38.66
1000.7 455943.60 175049.78 38.39
1001.7 456062.55 176161.50 38.63
1002.6 461895.35 176137.51 38.13
1003.6 463490.90 177593.88 38.32
1004.6 466778.10 177911.33 38.11
1005.5 469019.50 179041.88 38.17
1006.5 477956.70 179624.25 37.58
1007.5 475862.65 182356.13 38.32
1008.4 485256.25 183426.86 37.80
1009.4 497478.90 184372.66 37.06
1010.3 496975.55 186980.90 37.62
1011.2 506137.45 189106.30 37.36
1012.2 511964.55 189616.50 37.04
1013.1 524716.70 188682.38 35.96
1014.0 533581.30 191133.60 35.82
988.9 305548.75 123218.41 40.33
992.7 311070.75 125686.78 40.40
996.6 318027.15 128860.49 40.52
1000.4 321478.79 130586.53 40.62
1004.3 323024.28 131582.46 40.73
1008.1 324666.96 132651.80 40.86
1012.0 329297.91 134964.70 40.99
1015.8 335311.11 137858.01 41.11
1019.6 342583.75 141181.38 41.21
1023.5 351625.78 145193.28 41.29
1027.3 359942.48 148806.25 41.34
1031.2 365896.30 151440.03 41.39
1035.0 369015.28 152914.44 41.44
1038.8 370147.48 153670.45 41.52
1042.7 370426.13 154106.38 41.60
1046.5 369976.95 154246.95 41.69
1050.3 369107.33 154290.45 41.80
1054.2 367281.04 153915.04 41.91
1058.0 363702.81 152814.51 42.02
1061.8 358592.01 151063.02 42.13
1065.6 352863.38 148954.50 42.21
1069.5 346364.93 146580.18 42.32
1073.3 339904.20 144208.19 42.43
1077.1 333915.75 141941.25 42.51
1080.9 328069.24 139692.33 42.58
1084.7 321919.50 137297.06 42.65
1088.5 314556.00 134296.80 42.69
1092.3 305357.55 130430.03 42.71
1096.2 294155.13 125645.52 42.71
1100.0 279889.65 119546.92 42.71
1103.8 260991.38 111465.86 42.71
1107.6 236722.50 101022.19 42.68
1111.4 208063.48 88579.74 42.57
1115.2 177805.47 75310.22 42.36
1119.0 148482.40 62344.84 41.99
1122.8 123341.93 51238.88 41.54
1126.6 105443.18 43355.12 41.12
1130.4 95795.06 39183.33 40.90
1134.2 92415.40 37834.98 40.94
1138.0 92471.58 37870.92 40.95
1141.8 94726.64 38775.79 40.93
1145.6 99042.10 40431.89 40.82
1149.4 105858.06 42948.39 40.57
1153.2 116238.72 46960.72 40.40
1156.9 130405.36 52646.72 40.37
1160.7 147507.94 59641.31 40.43
1164.5 165558.98 67102.14 40.53
1168.3 182090.75 73966.19 40.62
1172.1 195598.13 79525.94 40.66
1175.8 205469.55 83515.58 40.65
1179.6 212544.58 86295.57 40.60
1183.4 217578.49 88225.29 40.55
1187.2 221067.00 89580.84 40.52
1190.9 223274.19 90446.04 40.51
1194.7 224670.49 91054.96 40.53
1198.5 225652.47 91548.65 40.57
1202.2 226203.38 91890.60 40.62
1206.0 226864.63 92313.34 40.69
1209.8 228252.21 93064.82 40.77
1213.5 230495.34 94214.41 40.87
1217.3 233388.91 95656.30 40.99
1221.0 236732.31 97325.50 41.11
1224.8 240105.60 99001.88 41.23
1228.5 243349.27 100613.85 41.35
1232.3 246060.33 101999.45 41.45
1236.0 248101.86 103086.93 41.55
1239.8 249153.00 103803.96 41.66
1243.5 248951.06 104019.69 41.78
1247.3 247406.94 103681.25 41.91
1251.0 244216.95 102656.45 42.03
1254.8 239396.85 100944.90 42.17
1258.5 233554.75 98696.95 42.26
1262.2 227696.00 96377.50 42.33
1266.0 222796.44 94466.97 42.40
1269.7 219220.31 93126.80 42.48
1273.4 217266.38 92476.07 42.56
1277.2 217001.40 92519.63 42.64
1280.9 217436.06 92821.22 42.69
1284.6 217469.98 92886.33 42.71
1288.3 216556.34 92468.77 42.70
1292.1 213954.28 91292.36 42.67
1295.8 209752.31 89349.75 42.60
1299.5 203844.70 86596.76 42.48
1303.2 196541.23 83210.40 42.34
1306.9 188298.08 79373.94 42.15
1310.6 179832.63 75408.94 41.93
1314.3 171094.69 71346.00 41.70
1318.0 161507.25 66959.21 41.46
1321.8 151050.63 62198.25 41.18
1325.5 140027.39 57181.27 40.84
1329.2 128779.35 52093.69 40.45
1332.8 116638.49 46731.41 40.07
1336.5 103017.08 40892.69 39.70
1340.2 88302.50 34734.38 39.34
1343.9 72998.30 28420.71 38.93
1347.6 57651.15 22151.56 38.42
1351.3 43077.00 16270.59 37.77
1355.0 30577.96 11299.53 36.95
1358.7 21019.16 7570.39 36.02
1362.3 14519.06 5107.97 35.18
1366.0 10410.41 3615.83 34.73
1369.7 7862.37 2725.83 34.67
1373.4 6351.36 2213.59 34.85
1377.1 5423.55 1904.51 35.12
1380.7 4864.82 1700.33 34.95
1384.4 4643.50 1592.28 34.29
1388.1 4602.00 1552.20 33.73
1391.7 4618.35 1516.13 32.83
1395.4 4774.00 1503.50 31.49
1399.0 5113.95 1545.00 30.21
1402.7 5583.85 1619.63 29.01
1406.4 6154.58 1735.31 28.20
1410.0 6830.51 1865.67 27.31
1413.7 7693.75 2046.54 26.60
1417.3 8795.55 2310.18 26.27
1421.0 10049.10 2596.53 25.84
1424.6 11291.40 2861.10 25.34
1428.2 12566.18 3153.00 25.09
1431.9 13945.75 3463.45 24.84
1435.5 15372.11 3762.24 24.47
1439.2 17045.44 4107.80 24.10
1442.8 19500.77 4641.58 23.80
1446.4 22964.20 5405.14 23.54
1450.0 27257.59 6366.18 23.36
1453.7 31531.41 7318.98 23.21
1457.3 34908.50 8091.88 23.18
1460.9 37208.19 8654.65 23.26
1464.5 38407.28 8964.73 23.34
1468.1 38862.34 9093.67 23.40
1471.8 39340.13 9248.94 23.51
1475.4 40740.35 9647.05 23.68
1479.0 43863.27 10459.36 23.85
1482.6 48931.09 11774.70 24.06
1486.2 55899.79 13606.99 24.34
1489.8 63936.68 15751.86 24.64
1493.4 72656.00 18111.72 24.93
1497.0 81520.35 20551.73 25.21
1500.6 90138.09 22963.08 25.48
1504.2 97906.05 25222.73 25.76
1507.7 104616.53 27246.98 26.04
1511.3 110539.69 29060.40 26.29
1514.9 115892.20 30805.75 26.58
1518.5 120694.53 32448.44 26.88
1522.1 124690.00 33884.60 27.18
1525.7 128077.30 35172.29 27.46
1529.2 130866.75 36307.36 27.74
1532.8 133082.29 37311.47 28.04
1536.4 134797.25 38161.81 28.31
1539.9 136110.78 38872.87 28.56
1543.5 136981.91 39472.52 28.82
1547.0 137512.10 39976.70 29.07
1550.6 137767.19 40384.40 29.31
1554.2 137698.05 40685.55 29.55
1557.7 137275.63 40861.53 29.77
1561.3 136232.73 40866.83 30.00
1564.8 134692.43 40683.04 30.20
1568.4 132759.28 40368.83 30.41
1571.9 130762.58 40026.60 30.61
1575.5 129132.45 39790.46 30.81
1579.0 127964.98 39696.83 31.02
1582.5 127348.48 39768.79 31.23
1586.0 127072.73 39944.13 31.43
1589.6 126827.59 40132.99 31.64
1593.1 126269.05 40220.69 31.85
1596.6 125534.50 40230.23 32.05
1600.2 124690.48 40195.76 32.24
1603.7 123944.60 40175.36 32.41
1607.2 123371.44 40194.19 32.58
1610.7 123014.84 40265.86 32.73
1614.2 122946.51 40464.81 32.91
1617.7 123101.69 40736.28 33.09
1621.2 123280.26 41007.89 33.26
1624.7 123278.13 41183.91 33.41
1628.2 122884.44 41214.59 33.54
1631.7 122056.55 41092.59 33.67
1635.2 120974.59 40858.43 33.77
1638.7 119772.95 40578.73 33.88
1642.2 118532.21 40264.70 33.97
1645.7 117529.91 39997.26 34.03
1649.2 116641.90 39741.84 34.07
1652.6 115927.88 39508.09 34.08
1656.1 115160.63 39252.52 34.09
1659.6 114432.73 38998.30 34.08
1663.1 113635.91 38708.38 34.06
1666.5 112568.62 38333.36 34.05
1670.0 111425.44 37898.09 34.01
1673.5 110403.84 37506.09 33.97
1676.9 109535.61 37148.61 33.91
1680.4 108625.03 36759.33 33.84
1683.8 107680.00 36384.06 33.79
1687.3 106840.80 36026.73 33.72
1690.7 105946.73 35619.44 33.62
1694.2 104937.45 35162.78 33.51
1697.6 103915.74 34684.03 33.38
1701.1 102709.56 34145.42 33.24
1704.5 101565.54 33621.23 33.10
1707.9 100415.68 33096.22 32.96
1711.4 99130.20 32535.75 32.82
1714.8 97665.24 31920.67 32.68
1718.2 96132.05 31287.85 32.55
1721.6 94463.73 30600.93 32.39
1725.1 92514.48 29853.84 32.27
1728.5 90496.63 29102.63 32.16
1731.9 88542.11 28383.64 32.06
1735.3 86525.56 27640.36 31.94
1738.7 84719.91 26995.83 31.86
1742.1 83036.77 26399.08 31.79
1745.5 81592.44 25867.97 31.70
1748.9 80208.98 25355.76 31.61
1752.3 78638.54 24777.99 31.51
1755.7 76960.44 24159.51 31.39
1759.1 75003.26 23477.80 31.30
1762.5 72568.07 22660.59 31.23
1765.8 69623.40 21671.10 31.13
1769.2 66207.06 20540.74 31.03
1772.6 62387.34 19297.78 30.93
1776.0 58395.30 18007.20 30.84
1779.3 54206.10 16673.15 30.76
1782.7 49785.18 15285.08 30.70
1786.1 45167.63 13838.39 30.64
1789.4 40276.78 12310.94 30.57
1792.8 35210.18 10726.34 30.46
1796.1 29964.90 9096.49 30.36
1799.5 24863.15 7540.00 30.33
1802.8 20118.26 6090.42 30.27
1806.2 16029.58 4835.53 30.17
1809.5 12722.28 3835.82 30.15
1812.9 9999.94 3023.02 30.23
1816.2 7905.31 2381.23 30.12
1819.5 6352.95 1917.51 30.18
1822.9 5152.59 1574.94 30.57
1826.2 4263.66 1333.61 31.28
1829.5 3631.65 1151.98 31.72
1832.8 3178.24 1020.18 32.10
1836.1 2934.37 955.15 32.55
1839.5 2703.18 897.77 33.21
1842.8 2446.68 818.85 33.47
1846.1 2308.56 769.52 33.33
1849.4 2236.69 752.16 33.63
1852.7 2127.29 685.90 32.24
1856.0 2022.53 650.81 32.18
1859.3 1953.94 654.67 33.51
1862.5 1952.40 660.97 33.85
1865.8 1901.90 647.90 34.07
1869.1 1866.20 629.30 33.72
1872.4 1877.40 603.45 32.14
1875.7 1917.83 639.28 33.33
1878.9 1951.02 669.93 34.34
1882.2 1926.60 629.85 32.69
1885.5 2044.83 650.63 31.82
1888.7 2263.46 769.00 33.97
1892.0 2443.40 835.90 34.21
1895.2 2627.09 863.70 32.88
1898.5 2936.43 985.51 33.56
1901.8 3210.30 1114.69 34.72
1905.0 3451.93 1166.85 33.80
1870.5 9206.14 2195.96 23.85
1873.3 6674.68 1207.80 18.10
1876.1 4867.27 1097.52 22.55
1878.8 3924.00 545.00 13.89
1881.6 3120.87 441.89 14.16
1884.4 2328.06 555.32 23.85
1887.2 1959.60 443.04 22.61
1890.0 1632.15 320.85 19.66
1892.8 1383.16 269.60 19.49
1895.5 1257.57 283.97 22.58
1898.3 1121.17 226.04 20.16
1901.1 1047.12 222.62 21.26
1903.8 983.20 221.03 22.48
1906.6 934.25 185.42 19.85
1909.3 905.84 189.28 20.90
1912.1 901.65 201.09 22.30
1914.9 928.70 213.35 22.97
1917.6 955.35 176.47 18.47
1920.4 992.32 194.92 19.64
1923.1 1055.24 212.20 20.11
1925.9 1128.87 203.75 18.05
1928.6 1251.56 225.18 17.99
1931.4 1457.68 263.68 18.09
1934.1 1716.87 316.02 18.41
1936.8 2044.21 352.60 17.25
1939.6 2501.21 381.90 15.27
1942.3 3127.69 482.98 15.44
1945.0 3707.93 599.23 16.16
1947.8 4352.00 686.08 15.76
1950.5 5090.82 788.90 15.50
1953.2 5946.75 946.07 15.91
1955.9 7110.07 1147.46 16.14
1958.7 8725.63 1414.50 16.21
1961.4 10931.09 1772.76 16.22
1964.1 13664.78 2237.01 16.37
1966.8 16889.01 2786.29 16.50
1969.5 20561.64 3388.81 16.48
1972.2 24505.68 4009.83 16.36
1974.9 28527.74 4676.55 16.39
1977.6 32484.76 5335.85 16.43
1980.3 36187.87 5944.41 16.43
1983.0 39423.73 6496.12 16.48
1985.7 41928.12 6911.61 16.48
1988.4 43517.24 7176.56 16.49
1991.1 43524.93 7175.11 16.49
1993.8 42474.50 6998.43 16.48
1996.5 40439.35 6634.93 16.41
1999.1 37337.84 6111.79 16.37
2001.8 34025.84 5586.92 16.42
2004.5 30663.49 5075.72 16.55
2007.2 27615.09 4622.99 16.74
2009.8 25273.55 4283.25 16.95
2012.5 24022.75 4136.82 17.22
2015.2 24067.35 4233.23 17.59
2017.8 25000.71 4457.65 17.83
2020.5 27267.84 4902.32 17.98
2023.2 30832.35 5588.38 18.13
2025.8 34541.00 6255.60 18.11
2028.5 38705.91 7013.60 18.12
2031.2 42931.20 7778.70 18.12
2033.8 46583.56 8397.36 18.03
2036.5 49450.86 8870.04 17.94
2039.1 51466.11 9196.92 17.87
2041.7 52244.77 9302.63 17.81
2044.4 52095.45 9252.69 17.76
2047.0 51597.89 9126.07 17.69
2049.7 50294.75 8861.41 17.62
2052.3 48565.71 8559.41 17.62
2054.9 46688.61 8206.19 17.58
2057.6 45007.60 7913.00 17.58
2060.2 43671.69 7715.52 17.67
2062.8 42724.46 7562.62 17.70
2065.4 42333.84 7522.65 17.77
2068.1 42534.63 7588.76 17.84
2070.7 43138.17 7725.78 17.91
2073.3 44129.80 7936.16 17.98
2075.9 45385.41 8191.22 18.05
2078.5 46736.80 8429.69 18.04
2081.1 48181.83 8709.74 18.08
2083.7 49488.11 8980.91 18.15
2086.3 50446.62 9147.17 18.13
2088.9 51212.76 9302.47 18.16
2091.6 51748.85 9423.23 18.21
2094.1 52056.73 9497.95 18.25
2096.7 52169.50 9540.38 18.29
2099.3 52116.11 9544.42 18.31
2101.9 52111.00 9566.08 18.36
2104.5 52087.32 9590.35 18.41
2107.1 51935.09 9591.36 18.47
2109.7 51819.08 9607.67 18.54
2112.3 51709.25 9643.71 18.65
2114.8 51616.62 9649.46 18.69
2117.4 51575.90 9652.65 18.72
2120.0 51576.98 9708.23 18.82
2122.6 51589.33 9757.33 18.91
2125.1 51565.77 9771.99 18.95
2127.7 51693.14 9842.84 19.04
2130.3 51775.21 9888.13 19.10
2132.8 51715.32 9879.89 19.10
2135.4 51641.48 9913.55 19.20
2137.9 51571.16 9914.38 19.22
2140.5 51333.48 9894.10 19.27
2143.0 51120.78 9898.39 19.36
2145.6 50601.39 9820.34 19.41
2148.1 50010.18 9726.56 19.45
2150.7 49366.75 9619.00 19.48
2153.2 48735.33 9533.87 19.56
2155.8 47938.20 9393.08 19.59
2158.3 47128.38 9259.11 19.65
2160.8 46314.96 9136.32 19.73
2163.4 45639.26 9026.27 19.78
2165.9 45067.22 8922.58 19.80
2168.4 44672.83 8866.24 19.85
2171.0 44350.03 8842.03 19.94
2173.5 44054.13 8777.47 19.92
2176.0 43793.60 8739.87 19.96
2178.5 43564.38 8753.40 20.09
2181.1 43308.25 8723.71 20.14
2183.6 42997.50 8658.90 20.14
2186.1 42687.61 8645.18 20.25
2188.6 42344.07 8582.97 20.27
2191.1 41954.79 8517.71 20.30
2193.6 41616.25 8493.33 20.41
2196.1 41363.04 8451.04 20.43
2198.6 41189.65 8476.93 20.58
2201.1 41068.33 8492.47 20.68
2203.6 40905.67 8471.75 20.71
2206.1 40793.39 8441.72 20.69
2208.6 40827.99 8460.90 20.72
2211.1 40875.31 8471.61 20.73
2213.6 40929.95 8482.11 20.72
2216.0 41120.66 8547.60 20.79
2218.5 41137.60 8531.60 20.74
2221.0 41142.08 8520.48 20.71
2223.5 41074.83 8534.00 20.78
2225.9 40968.75 8481.60 20.70
2228.4 40994.85 8451.75 20.62
2230.9 40925.62 8423.93 20.58
2233.3 40572.99 8275.21 20.40
2235.8 40329.42 8193.40 20.32
2238.3 40197.08 8141.84 20.25
2240.7 39857.29 8005.70 20.09
2243.2 39503.25 7877.37 19.94
2245.7 39185.39 7754.10 19.79
2248.1 38790.27 7612.14 19.62
2250.6 38410.70 7472.82 19.46
2253.0 38071.73 7339.20 19.28
2255.4 37592.25 7178.79 19.10
2257.9 37124.67 7029.72 18.94
2260.3 36712.65 6899.10 18.79
2262.8 36280.72 6769.52 18.66
2265.2 35923.94 6653.46 18.52
2267.6 35622.65 6533.10 18.34
2270.1 35349.52 6417.15 18.15
2272.5 35134.35 6334.43 18.03
2274.9 34876.03 6250.40 17.92
2277.3 34614.25 6160.42 17.80
2279.8 34418.51 6066.37 17.63
2282.2 34221.00 5999.35 17.53
2284.6 33987.97 5937.38 17.47
2287.0 33756.07 5852.25 17.34
2289.4 33431.75 5753.47 17.21
2291.8 33111.30 5655.14 17.08
2294.3 32892.34 5580.12 16.96
2296.7 32693.35 5518.08 16.88
2299.1 32485.12 5452.25 16.78
2301.5 32419.51 5397.33 16.65
2303.9 32364.16 5374.51 16.61
2306.3 32304.72 5316.88 16.46
2308.7 31944.81 5176.84 16.21
2311.0 31671.51 5134.94 16.21
2313.4 31534.37 5120.57 16.24
2315.8 31118.36 5043.08 16.21
2318.2 30602.50 4937.40 16.13
2320.6 29894.87 4810.75 16.09
2323.0 29530.29 4746.00 16.07
2325.3 29564.59 4749.16 16.06
2327.7 29444.00 4715.80 16.02
2330.1 29198.54 4656.91 15.95
2332.5 28946.00 4633.00 16.01
2334.8 28403.97 4521.70 15.92
2337.2 27826.16 4420.40 15.89
2339.6 27190.75 4308.33 15.84
2341.9 26468.76 4170.19 15.76
2344.3 25703.77 4040.84 15.72
2346.6 24768.86 3855.17 15.56
2349.0 24145.45 3730.46 15.45
2351.3 23509.98 3646.89 15.51
2353.7 23097.47 3583.48 15.51
2356.0 23055.00 3549.60 15.40
2358.4 22758.26 3497.53 15.37
2360.7 22516.89 3469.23 15.41
2363.1 22200.50 3412.50 15.37
2365.4 21713.28 3331.33 15.34
2367.7 21140.00 3230.90 15.28
2370.1 20539.08 3136.44 15.27
2372.4 19984.96 3068.50 15.35
2374.7 19275.51 2936.20 15.23
2377.0 18740.33 2834.33 15.12
2379.3 18296.34 2781.86 15.20
2381.7 17889.52 2720.49 15.21
2384.0 17558.45 2648.32 15.08
2386.3 17309.78 2591.44 14.97
2388.6 17227.80 2574.79 14.95
2390.9 17251.96 2571.53 14.91
2393.2 17346.99 2567.67 14.80
2395.5 17357.85 2551.28 14.70
2397.8 17166.32 2540.45 14.80
2400.2 16909.38 2489.06 14.72
2402.4 16702.22 2438.73 14.60
2404.7 16318.42 2397.48 14.69
2407.0 15728.72 2299.94 14.62
2409.3 15078.21 2202.48 14.61
2411.6 14383.25 2069.71 14.39
2413.9 13733.73 1978.83 14.41
2416.2 13321.80 1920.15 14.41
2418.5 13171.35 1878.06 14.26
2420.8 13111.53 1856.91 14.16
2423.0 13155.68 1841.37 14.00
2425.3 13429.50 1867.34 13.90
2427.6 13604.76 1864.79 13.71
2429.8 13569.34 1854.52 13.67
2432.1 13397.32 1829.71 13.66
2434.4 13373.28 1824.84 13.65
2436.6 13293.78 1810.35 13.62
2438.9 12867.51 1719.58 13.36
2441.2 12244.05 1633.45 13.34
2443.4 11678.00 1554.32 13.31
2445.7 11158.30 1472.34 13.20
2447.9 10533.57 1376.18 13.06
2450.2 9961.65 1299.96 13.05
2452.4 9635.01 1254.88 13.02
2454.7 9542.05 1203.55 12.61
2456.9 9546.37 1182.99 12.39
2459.1 9546.71 1173.09 12.29
2461.4 9561.67 1153.74 12.07
2463.6 9550.44 1143.86 11.98
2465.8 9214.24 1126.52 12.23
2468.1 8670.56 1066.60 12.30
2470.3 8190.00 1019.20 12.44
2472.5 7664.28 948.10 12.37
2474.8 7062.62 843.46 11.94
2477.0 6401.83 761.36 11.89
2479.2 5660.22 672.29 11.88
2481.4 4954.50 622.07 12.56
2483.6 4264.96 544.23 12.76
2485.8 3615.23 425.98 11.78
2488.0 3083.98 360.47 11.69
2490.2 2648.72 334.02 12.61
2492.4 2332.40 315.35 13.52
2494.7 2158.07 278.07 12.89
2496.8 2052.95 252.77 12.31
2499.0 1952.37 233.78 11.97
2501.2 1863.59 240.25 12.89
2503.4 1848.28 241.08 13.04
2505.6 1881.29 217.33 11.55
