/*** Spectra Vista SIG Data ***/
name= \My Documents\varunmtech14\teak2-airport.
instrument= HR: 1031044
integration= 10, 19.2, 30, 30, 19.2, 30
scan time= 1, 1
scan settings= AD, AI, AD, AI
external data set1= 8224, 8224, 8224, 8224, 8224, 8224, 8224, 8224, 8224, 8224, 8224, 8224, 8224, 8224, 8224, 8224
external data set2= 8224, 8224, 8224, 8224, 8224, 8224, 8224, 8224, 8224, 8224, 8224, 8224, 8224, 8224, 8224, 8224
external data dark= 0,0,0,0,0,0,0,0
external data mask= 0
optic= LENS 4, LENS 4
temp= 35.80, 9.01, -5.10, 40.64, 9.01, -5.03
battery= 7.8, 7.6
error= 0, 0
units= Radiance, Radiance
time= 1/30/08 09:01:35 PM, 1/30/08 09:07:28 PM
longitude= , 
latitude= , 
gpstime= , 
comm= 
memory slot= 0, 0
factors= 
data= 
341.6 102459.60 6148.65 6.00
343.1 107026.20 6320.87 5.91
344.7 110844.90 6417.88 5.79
346.3 114350.30 6468.45 5.66
347.9 118448.40 6572.50 5.55
349.5 126247.10 6897.57 5.46
351.1 136956.00 7448.75 5.44
352.6 146137.80 7930.58 5.43
354.2 154284.00 8399.33 5.44
355.8 159132.75 8647.55 5.43
357.4 162168.80 8751.40 5.40
358.9 161258.25 8549.65 5.30
360.5 162637.00 8421.33 5.18
362.1 169122.80 8552.13 5.06
363.6 179023.00 8985.33 5.02
365.2 194166.40 9750.93 5.02
366.8 214956.50 10766.67 5.01
368.3 232040.55 11684.25 5.04
369.9 240240.65 12076.78 5.03
371.5 243156.80 12176.15 5.01
373.0 243462.70 12051.43 4.95
374.6 240783.00 11758.33 4.88
376.1 238558.95 11519.08 4.83
377.7 234889.20 11255.40 4.79
379.3 234495.45 11302.35 4.82
380.8 246473.20 12031.27 4.88
382.4 263355.30 12951.90 4.92
383.9 268084.35 13229.25 4.93
385.5 264161.60 12982.67 4.91
387.0 262159.00 12818.50 4.89
388.6 269672.10 13089.30 4.85
390.1 274393.60 13217.87 4.82
391.7 269442.55 12918.32 4.79
393.2 261160.80 12475.17 4.78
394.8 264537.00 12445.00 4.70
396.3 282658.65 13175.30 4.66
397.9 314851.75 14606.43 4.64
399.4 356940.00 16524.00 4.63
401.0 404633.40 18847.80 4.66
402.5 446488.00 20904.33 4.68
404.1 478679.25 22544.45 4.71
405.6 495753.00 23405.20 4.72
407.1 504070.95 23797.43 4.72
408.7 505460.20 23744.35 4.70
410.2 499037.60 23420.47 4.69
411.7 487755.60 22855.20 4.69
413.3 479553.75 22555.00 4.70
414.8 476945.95 22523.83 4.72
416.4 481817.05 22869.18 4.75
417.9 490402.40 23397.33 4.77
419.4 505498.40 24256.13 4.80
420.9 526628.25 25345.50 4.81
422.5 548876.25 26503.75 4.83
424.0 562039.80 27199.90 4.84
425.5 560302.40 27149.73 4.85
427.1 547256.00 26567.73 4.85
428.6 529482.75 25700.50 4.85
430.1 512533.00 24824.25 4.84
431.6 501850.50 24178.00 4.82
433.2 499096.20 23938.10 4.80
434.7 503662.50 24145.00 4.79
436.2 513978.75 24675.17 4.80
437.8 529522.00 25496.92 4.82
439.3 547714.75 26412.42 4.82
440.8 570345.75 27514.50 4.82
442.3 596723.05 28779.85 4.82
443.8 624658.35 30181.80 4.83
445.4 651897.45 31596.75 4.85
446.9 675090.30 32763.67 4.85
448.4 694173.55 33740.52 4.86
449.9 706023.50 34382.83 4.87
451.4 710268.35 34678.78 4.88
452.9 706254.40 34536.58 4.89
454.5 699836.40 34266.20 4.90
456.0 691765.80 33888.60 4.90
457.5 685088.40 33553.60 4.90
459.0 680710.45 33406.68 4.91
460.5 676008.60 33199.97 4.91
462.0 671508.15 32998.90 4.91
463.6 670486.25 33028.33 4.93
465.1 678547.35 33492.55 4.94
466.6 702189.60 34665.87 4.94
468.1 729144.00 35964.00 4.93
469.6 740256.30 36432.20 4.92
471.1 741822.90 36455.90 4.91
472.6 746188.80 36620.80 4.91
474.1 754620.50 36999.67 4.90
475.6 761646.75 37286.67 4.90
477.1 762809.85 37312.73 4.89
478.6 759384.00 37067.07 4.88
480.1 751820.30 36630.83 4.87
481.6 735787.50 35837.50 4.87
483.1 714785.50 34844.33 4.87
484.7 694311.45 33870.78 4.88
486.2 678493.80 33085.97 4.88
487.7 668736.65 32600.67 4.87
489.2 668432.20 32634.30 4.88
490.7 678437.10 33254.10 4.90
492.2 695296.05 34287.70 4.93
493.7 713518.40 35456.53 4.97
495.2 730593.75 36645.83 5.02
496.7 743556.00 37700.25 5.07
498.1 752576.10 38697.12 5.14
499.6 757654.50 39629.00 5.23
501.1 760378.85 40593.47 5.34
502.6 760670.75 41585.53 5.47
504.1 758920.80 42698.33 5.63
505.6 755395.20 43986.60 5.82
507.1 751473.90 45596.63 6.07
508.6 744375.00 47325.00 6.36
510.1 733865.60 49103.47 6.69
511.6 722055.75 51072.97 7.07
513.1 707210.00 53025.00 7.50
514.6 694514.70 55310.20 7.96
516.1 683217.10 58068.43 8.50
517.5 672130.55 61013.98 9.08
519.0 665886.60 64576.20 9.70
520.5 665805.60 68824.65 10.34
522.0 673187.20 73940.77 10.98
523.5 684737.55 79512.30 11.61
525.0 697438.35 85257.90 12.22
526.5 712626.25 91300.42 12.81
528.0 729004.00 97418.83 13.36
529.4 745084.50 103313.67 13.87
530.9 760800.00 109016.30 14.33
532.4 774345.00 114235.00 14.75
533.9 782749.50 118425.08 15.13
535.4 785123.50 121380.12 15.46
536.8 781594.20 123043.80 15.74
538.3 773856.20 123703.47 15.99
539.8 764453.25 123730.02 16.19
541.3 753008.40 123134.60 16.35
542.8 743335.10 122559.50 16.49
544.2 734997.20 122051.77 16.61
545.7 729203.15 121884.10 16.71
547.2 724011.80 121698.47 16.81
548.6 719078.25 121485.75 16.89
550.1 714833.50 121258.90 16.96
551.6 713430.20 121403.33 17.02
553.1 712188.00 121374.67 17.04
554.5 711050.85 121187.52 17.04
556.0 711480.00 121062.67 17.02
557.5 713202.75 120832.75 16.94
558.9 717165.35 120720.47 16.83
560.4 722935.20 120630.20 16.69
561.9 732152.60 120792.37 16.50
563.3 741483.60 120719.80 16.28
564.8 750870.00 120396.70 16.03
566.3 756988.95 119226.00 15.75
567.7 759002.40 117107.90 15.43
569.2 759889.80 114535.80 15.07
570.6 758271.70 111365.53 14.69
572.1 755719.25 107988.83 14.29
573.6 752753.10 104580.30 13.89
575.0 749377.30 101206.37 13.51
576.5 745392.35 97905.18 13.13
577.9 741963.30 94786.25 12.78
579.4 738039.30 91808.43 12.44
580.9 734209.45 89022.85 12.12
582.3 730516.00 86505.93 11.84
583.8 725006.70 83980.95 11.58
585.2 715766.40 81304.40 11.36
586.7 704276.00 78540.00 11.15
588.1 690598.40 75732.80 10.97
589.6 679991.25 73368.75 10.79
591.0 671897.80 71328.60 10.62
592.5 668351.25 69956.25 10.47
593.9 667527.70 69039.37 10.34
595.4 670292.00 68622.67 10.24
596.8 674140.40 68415.60 10.15
598.2 677329.30 68175.10 10.07
599.7 681978.75 68099.17 9.99
601.1 689515.00 68316.80 9.91
602.6 697148.70 68482.00 9.82
604.0 706670.40 68760.80 9.73
605.5 715321.75 68859.08 9.63
606.9 723479.30 68793.20 9.51
608.3 729568.80 68437.20 9.38
609.8 734531.40 67843.20 9.24
611.2 738541.75 67044.33 9.08
612.6 740447.40 65993.40 8.91
614.1 743559.60 64998.60 8.74
615.5 745092.60 63813.40 8.56
616.9 745531.65 62477.35 8.38
618.4 741427.60 60747.82 8.19
619.8 729015.75 58482.00 8.02
621.2 712631.40 56083.80 7.87
622.7 695991.60 53848.40 7.74
624.1 682822.80 52116.63 7.63
625.5 671692.75 50673.95 7.54
626.9 664618.35 49663.90 7.47
628.4 659144.70 48954.00 7.43
629.8 655123.50 48478.40 7.40
631.2 655029.60 48416.27 7.39
632.6 657224.10 48482.20 7.38
634.0 657079.80 48177.80 7.33
635.5 656891.20 47775.20 7.27
636.9 656149.50 47213.67 7.20
638.3 655853.40 46477.80 7.09
639.7 655336.85 45674.07 6.97
641.1 655914.00 45809.87 6.98
642.5 654713.40 43515.90 6.65
644.0 653646.15 42078.75 6.44
645.4 653089.00 40751.27 6.24
646.8 650507.50 39314.05 6.04
648.2 649116.60 38006.10 5.86
649.6 648721.60 36864.83 5.68
651.0 647961.60 35712.00 5.51
652.4 646651.85 34720.18 5.37
653.8 645849.25 33852.73 5.24
655.2 643712.00 32984.53 5.12
656.6 640453.80 32202.80 5.03
658.0 640414.60 31740.33 4.96
659.4 645063.60 31556.30 4.89
660.8 651091.25 31479.50 4.83
662.2 660311.15 31523.48 4.77
663.6 667872.00 31420.80 4.70
665.0 673237.20 31316.80 4.65
666.4 674698.20 31075.80 4.61
667.8 673215.30 30814.20 4.58
669.2 668528.90 30535.92 4.57
670.6 662114.05 30274.40 4.57
672.0 655543.80 30186.90 4.60
673.4 648905.30 30230.02 4.66
674.8 644009.60 30404.53 4.72
676.1 639564.80 30732.80 4.81
677.5 636212.85 31233.53 4.91
678.9 633218.75 31848.15 5.03
680.3 630238.00 32554.67 5.17
681.7 625933.90 33311.80 5.32
683.1 616123.80 33895.40 5.50
684.4 603115.15 34496.88 5.72
685.8 590281.20 35341.80 5.99
687.2 577075.20 36407.20 6.31
688.6 566196.75 37996.00 6.71
689.9 558221.70 40269.03 7.21
691.3 554758.40 43512.00 7.84
692.7 555422.00 47827.47 8.61
694.1 557557.00 53181.33 9.54
695.4 560217.60 59494.40 10.62
696.8 563447.50 66669.17 11.83
698.2 567968.90 74784.00 13.17
699.5 573506.20 83767.00 14.61
700.9 581761.60 93851.87 16.13
702.2 592365.00 105102.50 17.74
703.6 603109.00 117130.00 19.42
705.0 610337.00 129174.50 21.16
706.3 611533.65 140296.00 22.94
707.7 606860.40 150101.60 24.73
709.0 598728.00 158855.20 26.53
710.4 591010.95 167345.73 28.32
711.8 584215.40 175634.80 30.06
713.1 576987.00 183162.00 31.74
714.5 566840.70 189140.60 33.37
715.8 553629.30 193603.20 34.97
717.2 540531.60 197993.40 36.63
718.5 527877.00 202368.37 38.34
719.9 516374.10 206842.90 40.06
721.2 509234.70 212698.20 41.77
722.5 506163.90 220033.70 43.47
723.9 504841.20 227976.25 45.16
725.2 502840.80 235368.00 46.81
726.6 500656.20 242399.85 48.42
727.9 499403.80 249537.87 49.97
729.2 502096.80 258384.40 51.46
730.6 507734.20 268590.93 52.90
731.9 514976.00 279441.87 54.26
733.2 523747.20 290905.40 55.54
734.6 532378.50 302025.33 56.73
735.9 539310.50 312005.47 57.85
737.2 544512.80 320617.27 58.88
738.6 548006.50 327972.78 59.85
739.9 551443.20 334840.00 60.72
741.2 554662.50 341302.50 61.53
742.5 557535.65 347162.55 62.27
743.9 560735.00 352930.67 62.94
745.2 562333.85 357361.77 63.55
746.5 563055.80 360931.90 64.10
747.8 563127.00 363724.10 64.59
749.1 562422.60 365830.20 65.05
750.4 561491.85 367459.65 65.44
751.8 560465.00 368718.33 65.79
753.1 559039.40 369485.12 66.09
754.4 555955.50 368971.83 66.37
755.7 543439.75 362244.92 66.66
757.0 519731.10 347771.40 66.91
758.3 488048.40 328029.90 67.21
759.6 450991.20 304613.47 67.54
760.9 416433.70 282346.37 67.80
762.2 389612.05 264574.45 67.91
763.5 380537.75 258401.50 67.90
764.8 389356.55 264220.02 67.86
766.1 409901.85 278081.70 67.84
767.4 435317.50 295353.75 67.85
768.7 460513.00 312570.67 67.87
770.0 483501.25 328435.18 67.93
771.3 502366.10 341501.95 67.98
772.6 518518.45 352609.65 68.00
773.9 532045.00 361882.02 68.02
775.2 545832.00 371298.00 68.02
776.5 560783.80 381523.07 68.03
777.7 579160.40 394133.13 68.05
779.0 594094.35 404324.50 68.06
780.3 593245.80 403840.15 68.07
781.6 575620.00 391974.67 68.10
782.9 554380.70 377541.17 68.10
784.1 540561.60 368366.40 68.15
785.4 534354.95 364378.82 68.19
786.7 531068.00 362316.42 68.22
788.0 528832.80 361000.80 68.26
789.2 527874.15 360437.60 68.28
790.5 527801.35 360576.50 68.32
791.8 528601.50 361250.63 68.34
793.0 529485.50 362039.00 68.38
794.3 529641.20 362295.67 68.40
795.6 529272.00 362160.00 68.43
796.9 529140.60 362131.13 68.44
798.1 528387.20 361832.53 68.48
799.4 527349.45 361288.20 68.51
800.6 526006.60 360466.78 68.53
801.9 525121.20 359951.20 68.55
803.1 525279.30 360186.10 68.57
804.4 524952.00 360152.40 68.61
805.6 522637.05 358710.30 68.63
806.9 517210.75 355226.08 68.68
808.2 510267.90 350603.70 68.71
809.4 500524.20 344201.55 68.77
810.7 488169.25 335744.03 68.78
811.9 472706.15 325175.43 68.79
813.1 456424.60 313868.32 68.77
814.4 440180.70 302761.00 68.78
815.6 426354.70 293162.03 68.76
816.9 417146.40 286846.80 68.76
818.1 409943.30 281908.25 68.77
819.4 406397.40 279381.07 68.75
820.6 404998.80 278614.45 68.79
821.8 405319.00 279019.80 68.84
823.1 407750.00 280939.75 68.90
824.3 409248.00 282088.80 68.93
825.5 411203.10 283487.05 68.94
826.8 414333.50 285801.83 68.98
828.0 416699.85 287578.20 69.01
829.2 418231.80 288743.00 69.04
830.4 419203.50 289486.00 69.06
831.6 421819.20 291350.40 69.07
832.9 426047.00 294433.00 69.11
834.1 431230.65 298131.85 69.14
835.3 436586.15 301911.13 69.15
836.5 442777.20 306400.67 69.20
837.8 448923.60 310787.20 69.23
839.0 454221.30 314671.70 69.28
840.2 458982.65 318064.83 69.30
841.4 463600.00 321466.67 69.34
842.6 467817.90 324602.30 69.39
843.8 471224.60 327146.60 69.42
845.0 473060.20 328618.93 69.47
846.2 472719.80 328445.13 69.48
847.4 471059.60 327493.83 69.52
848.6 468214.20 325733.60 69.57
849.8 464232.00 323056.13 69.59
851.0 459429.75 319846.50 69.62
852.2 454498.80 316492.40 69.64
853.4 453071.25 315560.00 69.65
854.6 453176.50 315670.50 69.66
855.8 454287.60 316383.60 69.64
857.0 457663.25 318735.63 69.64
858.2 462150.30 322068.87 69.69
859.4 465685.40 324686.47 69.72
860.6 467985.60 326403.00 69.75
861.8 468523.85 326965.62 69.79
863.0 467538.25 326322.08 69.80
864.1 464568.30 324360.75 69.82
865.3 463117.40 323280.88 69.81
866.5 461910.00 322506.60 69.82
867.7 460888.00 321851.33 69.83
868.9 461469.75 322188.08 69.82
870.0 462959.60 323245.53 69.82
871.2 464006.80 324091.60 69.85
872.4 464790.20 324843.40 69.89
873.6 464912.00 324924.47 69.89
874.7 465241.60 325280.00 69.92
875.9 466065.05 325775.27 69.90
877.1 466498.80 326309.67 69.95
878.2 466703.80 326468.60 69.95
879.4 466365.20 326266.50 69.96
880.6 464416.65 325142.20 70.01
881.7 461184.65 322721.88 69.98
882.9 457201.80 319984.50 69.99
884.0 453445.45 317311.40 69.98
885.2 450027.75 315024.25 70.00
886.4 446891.70 312858.23 70.01
887.5 443201.20 310211.45 69.99
888.7 439709.40 307811.40 70.00
889.8 435351.60 304726.20 70.00
891.0 428892.20 300194.40 69.99
892.1 420238.30 294004.52 69.96
893.3 408617.00 285714.67 69.92
894.4 393827.00 275472.17 69.95
895.5 378573.50 264537.17 69.88
896.7 362610.00 253168.67 69.82
897.8 349036.05 243480.15 69.76
899.0 338960.70 236435.55 69.75
900.1 333407.20 232448.53 69.72
901.2 332350.20 231667.80 69.71
902.4 333740.70 232301.60 69.61
903.5 334299.90 232810.05 69.64
904.6 333273.30 232327.25 69.71
905.8 330817.50 230667.45 69.73
906.9 326669.10 227886.10 69.76
908.0 321088.00 223919.67 69.74
909.2 316653.35 220485.85 69.63
910.3 312228.80 217453.47 69.65
911.4 308096.80 214496.27 69.62
912.5 305089.40 212277.87 69.58
913.6 302197.50 210116.50 69.53
914.8 300065.80 208611.97 69.52
915.9 299728.65 208342.77 69.51
917.0 301920.45 209803.97 69.49
918.1 305465.55 212447.62 69.55
919.2 308538.40 214590.67 69.55
920.3 312319.70 217140.00 69.52
921.5 314792.00 219066.83 69.59
922.6 315164.40 219365.00 69.60
923.7 313535.20 218103.60 69.56
924.8 308921.05 214673.95 69.49
925.9 298996.10 207721.70 69.47
927.0 285165.75 197865.17 69.39
928.1 267034.30 184841.80 69.22
929.2 244020.00 168743.75 69.15
930.3 218973.30 150979.90 68.95
931.4 193825.45 133383.25 68.82
932.5 171262.00 117311.33 68.50
933.5 152760.00 104246.67 68.24
934.6 139620.35 94552.62 67.72
935.7 131177.80 88745.53 67.65
936.8 130735.80 88073.27 67.37
937.9 132664.80 88972.80 67.07
939.0 135206.40 90607.07 67.01
940.1 138720.00 93092.00 67.11
941.1 141760.75 94990.05 67.01
942.2 141885.00 95430.80 67.26
943.3 142210.25 95519.67 67.17
944.4 141440.00 95018.67 67.18
945.4 142392.35 95223.50 66.87
946.5 143998.65 95848.87 66.56
947.6 144774.00 96286.20 66.51
948.7 147343.25 97916.50 66.45
949.7 148387.95 98527.05 66.40
950.8 149877.40 99267.33 66.23
951.9 152322.30 100467.90 65.96
952.9 154378.50 101900.00 66.01
954.0 156650.65 102869.87 65.67
955.0 160523.30 105148.98 65.50
956.1 165043.00 107933.75 65.40
957.1 167499.80 109705.83 65.50
958.2 172577.15 112754.23 65.34
959.2 178770.00 116525.00 65.18
960.3 184558.40 120104.62 65.08
961.4 190852.20 124012.35 64.98
962.4 198378.00 128935.00 64.99
963.4 206687.50 134374.43 65.01
964.5 215884.65 140285.23 64.98
965.5 228160.80 148234.10 64.97
966.6 241099.95 156490.72 64.91
967.6 254108.40 165145.40 64.99
968.6 266533.50 173408.90 65.06
969.7 277908.15 181373.05 65.26
970.7 287756.00 187236.58 65.07
971.7 293242.55 191307.92 65.24
972.8 297436.60 193648.30 65.11
973.8 300313.15 195382.58 65.06
974.8 301968.10 196626.63 65.12
975.8 304265.00 197637.92 64.96
976.9 305957.60 199256.63 65.13
977.9 308929.95 201049.65 65.08
978.9 313232.40 203714.55 65.04
979.9 317635.20 206836.80 65.12
980.9 322155.20 209851.73 65.14
981.9 327627.65 213502.95 65.17
982.9 333556.55 217469.07 65.20
983.9 340413.00 221583.00 65.09
984.9 345386.00 225866.83 65.40
985.9 351578.00 229290.00 65.22
986.9 356911.50 233406.25 65.40
987.9 361695.20 236374.67 65.35
988.9 365241.50 239680.57 65.62
989.9 370323.50 242264.83 65.42
990.9 372979.20 244443.83 65.54
991.9 376188.00 246703.00 65.58
992.9 379984.00 249004.67 65.53
993.9 383073.60 250441.97 65.38
994.9 383810.10 251447.92 65.51
995.9 386167.95 253596.45 65.67
996.8 388811.25 255569.50 65.73
997.8 390703.80 257553.50 65.92
998.8 396367.00 259043.00 65.35
999.8 397401.60 260462.93 65.54
1000.7 399855.30 261142.30 65.31
1001.7 399299.40 264242.25 66.18
1002.6 402295.95 263230.68 65.43
1003.6 407592.50 266293.77 65.33
1004.6 408112.00 266123.03 65.21
1005.5 412849.50 270552.17 65.53
1006.5 415478.70 271779.30 65.41
1007.5 420287.45 272086.92 64.74
1008.4 427025.50 275625.55 64.55
1009.4 436385.00 277831.78 63.67
1010.3 442849.50 282111.53 63.70
1011.2 439394.05 281805.47 64.14
1012.2 461400.15 286531.60 62.10
1013.1 467213.50 287516.00 61.54
1014.0 469870.10 289355.03 61.58
988.9 276345.34 179509.89 64.96
992.7 281491.06 183501.63 65.19
996.6 288189.57 188941.30 65.56
1000.4 291629.35 192105.95 65.87
1004.3 292999.18 193922.71 66.19
1008.1 293961.77 195597.43 66.54
1012.0 297288.70 199053.56 66.96
1015.8 301921.99 203258.09 67.32
1019.6 307787.69 208219.48 67.65
1023.5 315282.03 214264.58 67.96
1027.3 322195.31 219883.37 68.25
1031.2 327401.53 224203.50 68.48
1035.0 330286.52 226837.53 68.68
1038.8 331497.28 228326.71 68.88
1042.7 332071.91 229403.80 69.08
1046.5 331906.95 229847.63 69.25
1050.3 331337.33 229924.88 69.39
1054.2 329771.42 229275.41 69.53
1058.0 326577.17 227417.47 69.64
1061.8 322057.87 224523.01 69.72
1065.6 317046.75 221121.00 69.74
1069.5 311227.92 217172.43 69.78
1073.3 305329.78 213145.44 69.81
1077.1 299797.13 209290.50 69.81
1080.9 294314.23 205431.50 69.80
1084.7 288417.41 201266.53 69.78
1088.5 281410.80 196257.60 69.74
1092.3 272861.29 190069.76 69.66
1096.2 262480.88 182516.38 69.54
1100.0 249106.42 172874.53 69.40
1103.8 231555.01 160377.86 69.26
1107.6 209625.47 144787.50 69.07
1111.4 184121.65 126696.33 68.81
1115.2 157187.47 107624.97 68.47
1119.0 130971.05 89037.61 67.98
1122.8 108670.65 73049.19 67.22
1126.6 93125.96 61598.31 66.15
1130.4 84685.37 55083.99 65.05
1134.2 81494.46 52250.62 64.12
1138.0 81298.33 51406.58 63.23
1141.8 83056.72 51789.01 62.35
1145.6 86661.84 53287.41 61.49
1149.4 92499.72 56095.62 60.64
1153.2 101682.97 60929.17 59.92
1156.9 114656.63 68078.43 59.38
1160.7 130405.41 77022.75 59.06
1164.5 146710.93 86522.68 58.97
1168.3 161488.84 95200.66 58.95
1172.1 173529.81 102264.63 58.93
1175.8 182442.98 107453.78 58.90
1179.6 188984.21 111157.14 58.82
1183.4 193668.65 113760.28 58.74
1187.2 197086.31 115583.74 58.65
1190.9 199547.36 116855.94 58.56
1194.7 201300.83 117788.52 58.51
1198.5 202474.54 118464.95 58.51
1202.2 203119.50 118875.25 58.52
1206.0 203824.82 119379.73 58.57
1209.8 205143.87 120297.84 58.64
1213.5 207316.24 121745.91 58.72
1217.3 210029.92 123526.33 58.81
1221.0 213069.05 125555.88 58.93
1224.8 216196.28 127605.73 59.02
1228.5 219184.89 129547.64 59.10
1232.3 221707.41 131236.79 59.19
1236.0 223622.53 132568.48 59.28
1239.8 224629.45 133410.46 59.39
1243.5 224505.75 133608.30 59.51
1247.3 223110.31 133113.03 59.66
1251.0 220225.79 131722.47 59.81
1254.8 215974.24 129451.42 59.94
1258.5 210829.99 126572.53 60.04
1262.2 205646.50 123585.50 60.10
1266.0 201171.47 121002.00 60.15
1269.7 197921.17 119083.67 60.17
1273.4 196238.23 118007.63 60.13
1277.2 196020.00 117775.35 60.08
1280.9 196321.14 117762.15 59.98
1284.6 196133.87 117361.93 59.84
1288.3 195058.72 116336.49 59.64
1292.1 192628.18 114360.25 59.37
1295.8 188778.80 111472.73 59.05
1299.5 183340.06 107600.69 58.69
1303.2 176780.43 102946.20 58.23
1306.9 169374.43 97770.79 57.72
1310.6 161669.86 92421.24 57.17
1314.3 153621.70 86888.31 56.56
1318.0 144829.35 80969.29 55.91
1321.8 135437.56 74739.50 55.18
1325.5 125599.80 68339.56 54.41
1329.2 115286.62 61816.28 53.62
1332.8 104042.34 54953.03 52.82
1336.5 91789.96 47748.11 52.02
1340.2 78916.50 40461.69 51.27
1343.9 65612.30 33244.69 50.67
1347.6 52080.47 26125.11 50.16
1351.3 39131.91 19406.44 49.59
1355.0 28138.65 13786.05 48.99
1358.7 19859.38 9596.05 48.32
1362.3 14208.28 6749.53 47.50
1366.0 10442.19 4879.38 46.73
1369.7 7909.64 3663.33 46.31
1373.4 6257.50 2901.92 46.38
1377.1 5227.61 2398.28 45.88
1380.7 4589.30 2062.43 44.94
1384.4 4243.47 1882.50 44.36
1388.1 4126.20 1794.00 43.48
1391.7 4144.08 1733.83 41.84
1395.4 4293.50 1720.50 40.07
1399.0 4580.93 1745.85 38.11
1402.7 4974.56 1820.15 36.59
1406.4 5452.74 1897.28 34.79
1410.0 6028.73 1996.73 33.12
1413.7 6755.11 2123.48 31.44
1417.3 7667.33 2294.83 29.93
1421.0 8678.07 2458.66 28.33
1424.6 9723.15 2593.35 26.67
1428.2 10825.54 2763.64 25.53
1431.9 12007.14 2957.73 24.63
1435.5 13240.94 3131.36 23.65
1439.2 14726.64 3355.34 22.78
1442.8 16904.24 3714.80 21.98
1446.4 19940.99 4206.54 21.09
1450.0 23641.48 4808.82 20.34
1453.7 27315.62 5434.36 19.89
1457.3 30340.75 5989.50 19.74
1460.9 32498.49 6420.95 19.76
1464.5 33674.63 6666.67 19.80
1468.1 34122.10 6788.02 19.89
1471.8 34583.31 6957.50 20.12
1475.4 36044.75 7351.93 20.40
1479.0 39143.80 8043.35 20.55
1482.6 43877.28 9101.36 20.74
1486.2 50155.12 10565.69 21.07
1489.8 57417.11 12297.24 21.42
1493.4 65381.44 14242.91 21.78
1497.0 73595.18 16298.10 22.15
1500.6 81537.19 18409.22 22.58
1504.2 88617.38 20418.75 23.04
1507.7 94884.93 22310.56 23.51
1511.3 100557.62 24110.31 23.98
1514.9 105715.50 25858.95 24.46
1518.5 110296.48 27564.84 24.99
1522.1 114100.60 29104.20 25.51
1525.7 117416.56 30535.58 26.01
1529.2 120191.17 31863.53 26.51
1532.8 122415.50 33092.30 27.03
1536.4 124191.38 34182.75 27.52
1539.9 125617.85 35172.11 28.00
1543.5 126609.68 36087.03 28.50
1547.0 127193.85 36907.30 29.02
1550.6 127475.61 37621.61 29.51
1554.2 127422.19 38215.46 29.99
1557.7 127028.50 38703.06 30.47
1561.3 126072.01 39000.43 30.94
1564.8 124697.48 39074.57 31.34
1568.4 123009.91 38989.98 31.70
1571.9 121206.68 38862.16 32.06
1575.5 119695.50 38803.05 32.42
1579.0 118629.00 38872.18 32.77
1582.5 118103.11 39091.00 33.10
1586.0 117831.35 39401.86 33.44
1589.6 117506.08 39719.72 33.80
1593.1 116913.79 39919.90 34.14
1596.6 116220.65 40043.33 34.45
1600.2 115421.15 40125.42 34.76
1603.7 114676.98 40245.93 35.10
1607.2 114106.76 40383.27 35.39
1610.7 113806.48 40557.81 35.64
1614.2 113768.68 40844.91 35.90
1617.7 113918.09 41166.76 36.14
1621.2 114082.76 41472.98 36.35
1624.7 114072.50 41690.86 36.55
1628.2 113723.84 41771.98 36.73
1631.7 112990.46 41747.68 36.95
1635.2 112017.10 41602.19 37.14
1638.7 110954.66 41373.75 37.29
1642.2 109835.82 41122.09 37.44
1645.7 108913.35 40924.57 37.58
1649.2 108101.11 40745.68 37.69
1652.6 107402.79 40583.03 37.79
1656.1 106656.33 40405.78 37.88
1659.6 105955.92 40221.16 37.96
1663.1 105207.61 39953.00 37.98
1666.5 104251.32 39607.79 37.99
1670.0 103223.99 39242.59 38.02
1673.5 102306.89 38907.33 38.03
1676.9 101542.88 38589.64 38.00
1680.4 100721.06 38236.08 37.96
1683.8 99839.55 37889.90 37.95
1687.3 99033.46 37569.65 37.94
1690.7 98189.79 37180.95 37.87
1694.2 97233.68 36739.13 37.78
1697.6 96254.58 36286.14 37.70
1701.1 95176.73 35785.22 37.60
1704.5 94127.45 35281.74 37.48
1707.9 93034.19 34748.02 37.35
1711.4 91844.27 34162.54 37.20
1714.8 90530.24 33545.81 37.05
1718.2 89160.78 32893.25 36.89
1721.6 87627.53 32141.48 36.68
1725.1 85846.21 31334.70 36.50
1728.5 83996.19 30481.78 36.29
1731.9 82201.28 29628.84 36.04
1735.3 80343.90 28773.96 35.81
1738.7 78629.23 27988.78 35.60
1742.1 77029.74 27230.68 35.35
1745.5 75649.44 26548.94 35.09
1748.9 74293.52 25879.01 34.83
1752.3 72777.56 25169.31 34.58
1755.7 71157.16 24445.21 34.35
1759.1 69284.19 23639.40 34.12
1762.5 66988.69 22669.62 33.84
1765.8 64260.08 21580.35 33.58
1769.2 61103.71 20395.19 33.38
1772.6 57665.44 19106.35 33.13
1776.0 54039.90 17769.30 32.88
1779.3 50138.81 16388.53 32.69
1782.7 46040.19 14970.69 32.52
1786.1 41849.76 13531.70 32.33
1789.4 37465.25 12058.75 32.19
1792.8 32779.62 10510.50 32.06
1796.1 28002.91 8974.45 32.05
1799.5 23355.15 7483.45 32.04
1802.8 19047.94 6109.36 32.07
1806.2 15315.67 4930.71 32.19
1809.5 12224.87 3969.73 32.47
1812.9 9702.44 3176.57 32.74
1816.2 7731.78 2564.41 33.17
1819.5 6198.00 2101.51 33.91
1822.9 5006.77 1749.94 34.95
1826.2 4137.11 1508.83 36.47
1829.5 3494.98 1317.94 37.71
1832.8 3040.91 1177.13 38.71
1836.1 2747.28 1112.70 40.50
1839.5 2515.73 1035.89 41.18
1842.8 2318.42 937.23 40.43
1846.1 2170.44 887.91 40.91
1849.4 2088.24 870.93 41.71
1852.7 1978.18 815.13 41.21
1856.0 1892.36 760.95 40.21
1859.3 1833.08 745.32 40.66
1862.5 1789.70 721.98 40.34
1865.8 1766.05 710.60 40.24
1869.1 1757.70 694.40 39.51
1872.4 1732.13 692.85 40.00
1875.7 1758.01 707.77 40.26
1878.9 1798.23 728.69 40.52
1882.2 1827.80 716.30 39.19
1885.5 1938.61 743.58 38.36
1888.7 2103.86 841.54 40.00
1892.0 2282.65 884.13 38.73
1895.2 2483.14 953.67 38.41
1898.5 2775.53 1086.08 39.13
1901.8 3031.95 1203.86 39.71
1905.0 3257.46 1288.40 39.55
1870.5 8277.08 1604.74 19.39
1873.3 5848.29 889.96 15.22
1876.1 4724.12 858.93 18.18
1878.8 3669.67 327.00 8.91
1881.6 2789.45 220.95 7.92
1884.4 2157.19 341.73 15.84
1887.2 1806.24 238.56 13.21
1890.0 1604.25 292.95 18.26
1892.8 1312.83 246.16 18.75
1895.5 1135.87 182.55 16.07
1898.3 1048.83 171.79 16.38
1901.1 989.40 181.39 18.33
1903.8 891.74 152.43 17.09
1906.6 827.27 92.71 11.21
1909.3 845.00 114.92 13.60
1912.1 856.24 168.65 19.70
1914.9 884.78 156.88 17.73
1917.6 876.24 121.70 13.89
1920.4 891.91 100.41 11.26
1923.1 946.28 126.17 13.33
1925.9 1046.27 143.17 13.68
1928.6 1188.72 136.15 11.45
1931.4 1373.10 129.35 9.42
1934.1 1617.82 122.63 7.58
1936.8 1959.40 169.61 8.66
1939.6 2333.35 222.42 9.53
1942.3 2847.25 253.18 8.89
1945.0 3399.24 265.11 7.80
1947.8 3986.77 290.13 7.28
1950.5 4691.54 350.98 7.48
1953.2 5559.72 423.89 7.62
1955.9 6697.94 509.98 7.61
1958.7 8182.25 615.25 7.52
1961.4 10193.37 754.55 7.40
1964.1 12735.23 962.66 7.56
1966.8 15720.12 1228.69 7.82
1969.5 19116.22 1526.18 7.98
1972.2 22748.20 1835.05 8.07
1974.9 26401.07 2150.63 8.15
1977.6 30014.51 2496.79 8.32
1980.3 33403.58 2802.82 8.39
1983.0 36297.34 3073.49 8.47
1985.7 38492.08 3317.47 8.62
1988.4 39885.54 3481.70 8.73
1991.1 39949.24 3528.27 8.83
1993.8 39134.40 3497.90 8.94
1996.5 37395.92 3370.17 9.01
1999.1 34603.61 3145.54 9.09
2001.8 31583.04 2897.21 9.17
2004.5 28581.95 2622.85 9.18
2007.2 25908.59 2401.65 9.27
2009.8 23901.55 2289.28 9.58
2012.5 22895.95 2264.03 9.89
2015.2 22988.19 2372.07 10.32
2017.8 23775.90 2541.60 10.69
2020.5 25816.08 2835.14 10.98
2023.2 29047.61 3288.51 11.32
2025.8 32351.80 3757.00 11.61
2028.5 36137.81 4281.90 11.85
2031.2 40031.28 4822.02 12.05
2033.8 43385.91 5305.36 12.23
2036.5 46001.40 5673.42 12.33
2039.1 47812.61 5950.79 12.45
2041.7 48547.44 6110.65 12.59
2044.4 48512.10 6154.69 12.69
2047.0 48156.66 6142.30 12.75
2049.7 47052.89 6046.52 12.85
2052.3 45505.67 5927.72 13.03
2054.9 43800.63 5755.39 13.14
2057.6 42292.73 5617.59 13.28
2060.2 41088.74 5540.40 13.48
2062.8 40264.94 5517.29 13.70
2065.4 39940.15 5570.72 13.95
2068.1 40107.97 5669.05 14.13
2070.7 40616.78 5830.25 14.35
2073.3 41470.70 6056.28 14.60
2075.9 42597.45 6310.26 14.81
2078.5 43813.17 6565.90 14.99
2081.1 45145.71 6859.08 15.19
2083.7 46386.69 7139.20 15.39
2086.3 47262.97 7345.69 15.54
2088.9 47979.94 7529.46 15.69
2091.6 48510.35 7684.99 15.84
2094.1 48793.50 7814.71 16.02
2096.7 48909.55 7918.13 16.19
2099.3 48883.86 7969.61 16.30
2101.9 48899.92 8057.42 16.48
2104.5 48912.86 8147.42 16.66
2107.1 48792.29 8189.39 16.78
2109.7 48695.29 8257.40 16.96
2112.3 48656.19 8338.61 17.14
2114.8 48629.82 8391.86 17.26
2117.4 48601.38 8453.33 17.39
2120.0 48618.26 8530.59 17.55
2122.6 48645.33 8605.33 17.69
2125.1 48615.94 8677.87 17.85
2127.7 48700.55 8772.32 18.01
2130.3 48763.54 8840.00 18.13
2132.8 48707.10 8886.20 18.24
2135.4 48608.55 8943.45 18.40
2137.9 48505.23 8970.80 18.49
2140.5 48260.36 8968.06 18.58
2143.0 48067.78 8976.22 18.67
2145.6 47612.95 8929.82 18.76
2148.1 47061.00 8863.99 18.84
2150.7 46426.63 8782.09 18.92
2153.2 45816.13 8697.47 18.98
2155.8 45087.85 8586.48 19.04
2158.3 44357.72 8475.27 19.11
2160.8 43588.48 8350.72 19.16
2163.4 42934.89 8259.00 19.24
2165.9 42368.13 8175.22 19.30
2168.4 41964.00 8121.11 19.35
2171.0 41630.44 8086.14 19.42
2173.5 41345.30 8037.72 19.44
2176.0 41113.73 8015.36 19.50
2178.5 40889.73 8005.04 19.58
2181.1 40604.52 7954.69 19.59
2183.6 40259.70 7900.20 19.62
2186.1 39947.44 7890.49 19.75
2188.6 39625.55 7822.86 19.74
2191.1 39270.83 7770.21 19.79
2193.6 38975.63 7748.54 19.88
2196.1 38765.44 7708.48 19.88
2198.6 38630.47 7713.00 19.97
2201.1 38529.07 7710.73 20.01
2203.6 38386.08 7701.34 20.06
2206.1 38263.07 7676.29 20.06
2208.6 38298.02 7675.64 20.04
2211.1 38356.87 7694.14 20.06
2213.6 38392.56 7712.53 20.09
2216.0 38567.55 7759.88 20.12
2218.5 38567.20 7747.60 20.09
2221.0 38533.14 7722.92 20.04
2223.5 38482.33 7712.33 20.04
2225.9 38395.20 7689.30 20.03
2228.4 38430.00 7688.85 20.01
2230.9 38362.94 7662.28 19.97
2233.3 38002.64 7546.99 19.86
2235.8 37781.96 7480.81 19.80
2238.3 37676.99 7459.01 19.80
2240.7 37361.86 7358.63 19.70
2243.2 37021.02 7254.63 19.60
2245.7 36728.27 7158.08 19.49
2248.1 36355.44 7040.79 19.37
2250.6 35971.55 6918.73 19.23
2253.0 35628.27 6814.13 19.13
2255.4 35193.44 6681.37 18.98
2257.9 34748.06 6555.57 18.87
2260.3 34333.34 6430.32 18.73
2262.8 33930.48 6307.76 18.59
2265.2 33623.10 6205.75 18.46
2267.6 33328.93 6095.78 18.29
2270.1 33052.35 5984.57 18.11
2272.5 32867.13 5903.15 17.96
2274.9 32652.33 5820.69 17.83
2277.3 32377.66 5722.76 17.68
2279.8 32172.05 5635.87 17.52
2282.2 31991.45 5554.05 17.36
2284.6 31768.36 5492.23 17.29
2287.0 31562.64 5417.26 17.16
2289.4 31241.13 5311.62 17.00
2291.8 30938.42 5206.12 16.83
2294.3 30725.46 5143.58 16.74
2296.7 30544.23 5090.17 16.66
2299.1 30349.25 4998.70 16.47
2301.5 30268.33 4938.67 16.32
2303.9 30187.68 4893.01 16.21
2306.3 30084.16 4834.72 16.07
2308.7 29773.45 4713.44 15.83
2311.0 29546.60 4647.63 15.73
2313.4 29422.59 4614.14 15.68
2315.8 29030.08 4518.52 15.56
2318.2 28522.72 4389.91 15.39
2320.6 27823.95 4253.32 15.29
2323.0 27482.73 4176.48 15.20
2325.3 27533.59 4146.63 15.06
2327.7 27400.60 4086.80 14.92
2330.1 27164.76 4006.24 14.75
2332.5 26964.33 3966.75 14.71
2334.8 26450.40 3859.07 14.59
2337.2 25858.48 3746.16 14.49
2339.6 25236.49 3615.55 14.33
2341.9 24561.60 3486.10 14.19
2344.3 23902.85 3363.34 14.07
2346.6 23092.85 3202.81 13.87
2349.0 22469.70 3108.14 13.83
2351.3 21832.20 3001.05 13.75
2353.7 21423.53 2908.28 13.58
2356.0 21353.28 2867.52 13.43
2358.4 21089.46 2795.24 13.25
2360.7 20864.21 2737.03 13.12
2363.1 20573.00 2674.00 13.00
2365.4 20131.77 2598.44 12.91
2367.7 19565.07 2505.09 12.80
2370.1 18995.64 2410.74 12.69
2372.4 18486.81 2332.06 12.61
2374.7 17853.57 2216.00 12.41
2377.0 17413.00 2130.33 12.23
2379.3 17025.25 2066.42 12.14
2381.7 16600.48 1993.81 12.01
2384.0 16265.60 1937.43 11.91
2386.3 16025.23 1880.28 11.73
2388.6 15914.13 1854.15 11.65
2390.9 15901.91 1841.67 11.58
2393.2 15949.20 1808.01 11.34
2395.5 15942.60 1797.75 11.28
2397.8 15770.81 1738.61 11.02
2400.2 15548.90 1689.01 10.86
2402.4 15350.82 1677.60 10.93
2404.7 14977.40 1625.61 10.85
2407.0 14497.88 1578.00 10.88
2409.3 13949.04 1472.31 10.55
2411.6 13320.21 1373.09 10.31
2413.9 12728.03 1331.44 10.46
2416.2 12343.22 1282.84 10.39
2418.5 12165.84 1225.73 10.08
2420.8 12055.23 1169.48 9.70
2423.0 12053.39 1161.42 9.64
2425.3 12295.45 1202.26 9.78
2427.6 12489.33 1210.17 9.69
2429.8 12463.59 1184.11 9.50
2432.1 12262.55 1152.36 9.40
2434.4 12174.48 1141.08 9.37
2436.6 12100.29 1108.56 9.16
2438.9 11748.21 1047.09 8.91
2441.2 11252.15 1005.55 8.94
2443.4 10802.26 958.27 8.87
2445.7 10338.79 902.85 8.73
2447.9 9754.52 849.03 8.70
2450.2 9165.66 772.44 8.43
2452.4 8845.95 736.77 8.33
2454.7 8770.06 728.84 8.31
2456.9 8746.39 683.62 7.82
2459.1 8727.02 692.08 7.93
2461.4 8734.74 693.23 7.94
2463.6 8701.29 694.31 7.98
2465.8 8400.92 641.56 7.64
2468.1 7889.75 597.09 7.57
2470.3 7420.40 598.00 8.06
2472.5 6986.30 529.67 7.58
2474.8 6486.08 464.44 7.16
2477.0 5892.47 439.66 7.46
2479.2 5259.02 422.89 8.04
2481.4 4657.23 357.83 7.68
2483.6 4015.06 283.22 7.05
2485.8 3413.45 252.23 7.39
2488.0 2935.22 234.59 7.99
2490.2 2519.80 175.80 6.98
2492.4 2213.40 178.50 8.06
2494.7 2006.94 187.40 9.34
2496.8 1904.99 141.80 7.44
2499.0 1832.32 132.69 7.24
2501.2 1746.71 136.36 7.81
2503.4 1694.26 167.42 9.88
2505.6 1677.54 176.58 10.53
