/*** Spectra Vista SIG Data ***/
name= \My Documents\varunmtech14\urban2.
instrument= HR: 1031044
integration= 10, 19.2, 30, 30, 60, 30
scan time= 1, 1
scan settings= AD, AI, AD, AI
external data set1= 8224, 8224, 8224, 8224, 8224, 8224, 8224, 8224, 8224, 8224, 8224, 8224, 8224, 8224, 8224, 8224
external data set2= 8224, 8224, 8224, 8224, 8224, 8224, 8224, 8224, 8224, 8224, 8224, 8224, 8224, 8224, 8224, 8224
external data dark= 0,0,0,0,0,0,0,0
external data mask= 0
optic= LENS 4, LENS 4
temp= 39.75, 9.08, -5.03, 42.25, 9.01, -5.10
battery= 7.8, 7.7
error= 0, 0
units= Radiance, Radiance
time= 1/2/08 07:45:06 AM, 1/2/08 07:49:33 AM
longitude= , 
latitude= , 
gpstime= , 
comm= 
memory slot= 0, 0
factors= 
data= 
341.6 95693.40 19197.75 20.06
343.1 99955.40 20007.15 20.02
344.7 103439.65 20656.75 19.97
346.3 106692.25 21313.67 19.98
347.9 110561.40 22227.00 20.10
349.5 117811.40 23768.97 20.18
351.1 127941.75 25906.50 20.25
352.6 136621.10 27824.25 20.37
354.2 144050.00 29440.67 20.44
355.8 148523.90 30370.43 20.45
357.4 150917.00 30838.27 20.43
358.9 149576.55 30586.87 20.45
360.5 150636.60 30816.82 20.46
362.1 156481.60 32014.40 20.46
363.6 165838.00 34110.08 20.57
365.2 180028.80 37173.87 20.65
366.8 199452.50 41424.75 20.77
368.3 215422.95 44948.30 20.87
369.9 222983.80 46710.95 20.95
371.5 225121.45 47331.35 21.02
373.0 224940.30 47226.18 20.99
374.6 222108.00 46646.00 21.00
376.1 219799.30 46304.18 21.07
377.7 216707.40 46098.00 21.27
379.3 216420.75 46432.50 21.45
380.8 227779.20 49155.63 21.58
382.4 243527.70 52767.00 21.67
383.9 247600.35 53855.85 21.75
385.5 243189.60 53072.00 21.82
387.0 240822.40 52652.33 21.86
388.6 247639.80 54362.60 21.95
390.1 251579.20 55354.67 22.00
391.7 247195.65 54507.27 22.05
393.2 239145.80 52815.03 22.08
394.8 241908.00 53447.00 22.09
396.3 258372.30 57260.50 22.16
397.9 287584.05 64031.35 22.27
399.4 326322.00 73170.00 22.42
401.0 370333.80 83654.80 22.59
402.5 409003.00 92978.67 22.73
404.1 438961.05 100253.07 22.84
405.6 454536.70 104187.43 22.92
407.1 461855.25 106120.20 22.98
408.7 462544.95 106400.58 23.00
410.2 456201.00 105069.80 23.03
411.7 445676.40 102866.20 23.08
413.3 438213.75 101448.75 23.15
414.8 435994.90 101357.25 23.25
416.4 440626.45 102933.05 23.36
417.9 448758.00 105459.20 23.50
419.4 462726.80 109348.80 23.63
420.9 482159.25 114588.50 23.77
422.5 502563.75 120006.25 23.88
424.0 514397.10 123359.95 23.98
425.5 512582.00 123512.67 24.10
427.1 500195.20 120903.73 24.17
428.6 483326.75 116911.05 24.19
430.1 467097.10 113054.82 24.20
431.6 456493.20 110622.20 24.23
433.2 453564.00 110241.25 24.31
434.7 457338.75 111718.75 24.43
436.2 466682.50 114544.58 24.54
437.8 480957.05 118710.08 24.68
439.3 497431.75 123442.50 24.82
440.8 517866.75 129323.25 24.97
442.3 541545.40 135972.10 25.11
443.8 566514.00 142919.70 25.23
445.4 591005.70 149641.65 25.32
446.9 611829.00 155447.00 25.41
448.4 628895.25 160323.27 25.49
449.9 639275.00 163451.17 25.57
451.4 642797.65 164644.33 25.61
452.9 638874.35 163797.80 25.64
454.5 632603.40 162366.60 25.67
456.0 624705.15 160493.15 25.69
457.5 618115.20 158897.20 25.71
459.0 613757.20 157928.28 25.73
460.5 609295.80 157095.17 25.78
462.0 605109.60 156510.05 25.86
463.6 604252.25 156884.58 25.96
465.1 611650.65 159429.40 26.07
466.6 632869.30 165474.63 26.15
468.1 656964.00 172140.00 26.20
469.6 666427.30 174951.23 26.25
471.1 667176.90 175430.67 26.29
472.6 670464.00 176550.40 26.33
474.1 677376.50 178548.25 26.36
475.6 683145.00 180227.77 26.38
477.1 683754.50 180460.87 26.39
478.6 680182.00 179604.13 26.41
480.1 673203.40 177876.73 26.42
481.6 658837.50 174362.50 26.47
483.1 639996.50 169621.83 26.50
484.7 621590.55 164872.52 26.52
486.2 607207.70 161252.37 26.56
487.7 598170.65 159206.80 26.62
489.2 597604.35 159555.48 26.70
490.7 606355.20 162409.50 26.78
492.2 621268.05 166931.15 26.87
493.7 637518.40 171932.27 26.97
495.2 652656.25 176718.75 27.08
496.7 664092.00 180535.50 27.19
498.1 671902.45 183347.18 27.29
499.6 676027.50 185092.50 27.38
501.1 677742.15 186081.12 27.46
502.6 677218.70 186414.12 27.53
504.1 674658.60 186089.93 27.58
505.6 670609.80 185346.00 27.64
507.1 666576.35 184506.13 27.68
508.6 659850.00 182975.00 27.73
510.1 650292.80 180688.00 27.79
511.6 639874.05 178204.15 27.85
513.1 626605.00 175023.33 27.93
514.6 615164.00 172216.37 28.00
516.1 604703.90 169549.23 28.04
517.5 594289.15 166947.08 28.09
519.0 588009.60 165586.80 28.16
520.5 587233.00 165793.68 28.23
522.0 593286.40 168162.87 28.34
523.5 603061.20 171612.00 28.46
525.0 614004.30 175354.20 28.56
526.5 626980.00 179745.00 28.67
528.0 641005.50 184561.83 28.79
529.4 654652.00 189283.00 28.91
530.9 668014.10 193866.63 29.02
532.4 679437.00 197835.00 29.12
533.9 686507.00 200465.25 29.20
535.4 688299.85 201518.57 29.28
536.8 684723.00 200970.33 29.35
538.3 677335.20 199170.90 29.41
539.8 668459.00 196803.57 29.44
541.3 657811.80 193858.00 29.47
542.8 648680.90 191414.23 29.51
544.2 640860.15 189369.95 29.55
545.7 635326.90 187970.68 29.59
547.2 630525.20 186817.33 29.63
548.6 626037.00 185813.75 29.68
550.1 622186.60 185034.63 29.74
551.6 620872.70 185024.70 29.80
553.1 619624.00 185118.27 29.88
554.5 618559.90 185313.82 29.96
556.0 618828.00 185920.00 30.04
557.5 620212.50 186822.25 30.12
558.9 623450.10 188293.85 30.20
560.4 628267.80 190265.40 30.28
561.9 636031.20 193167.60 30.37
563.3 643858.80 196103.87 30.46
564.8 651619.20 198965.10 30.53
566.3 656351.95 200932.13 30.61
567.7 657463.95 201640.40 30.67
569.2 657426.60 201916.80 30.71
570.6 655119.55 201455.72 30.75
572.1 652151.50 200772.00 30.79
573.6 648935.10 199904.10 30.80
575.0 645589.70 198999.63 30.82
576.5 642080.15 198027.37 30.84
577.9 639075.45 197192.45 30.86
579.4 635798.65 196315.35 30.88
580.9 632835.55 195527.75 30.90
582.3 630061.00 194792.20 30.92
583.8 625573.35 193522.35 30.94
585.2 617317.20 191168.00 30.97
586.7 606594.00 187929.33 30.98
588.1 593615.40 183859.47 30.97
589.6 582983.25 180578.50 30.97
591.0 574560.05 178038.45 30.99
592.5 570504.75 176822.75 30.99
593.9 569221.10 176526.47 31.01
595.4 571694.40 177461.87 31.04
596.8 575648.80 178898.67 31.08
598.2 579271.60 180297.47 31.12
599.7 584228.75 182160.00 31.18
601.1 591771.20 184745.78 31.22
602.6 599314.50 187394.30 31.27
604.0 608339.20 190436.53 31.30
605.5 616434.50 193206.75 31.34
606.9 623928.20 195743.40 31.37
608.3 629577.30 197671.80 31.40
609.8 633965.40 199245.00 31.43
611.2 637558.25 200495.92 31.45
612.6 639206.70 201162.50 31.47
614.1 641832.60 202006.20 31.47
615.5 643148.10 202226.50 31.44
616.9 643360.20 202099.20 31.41
618.4 639579.40 200639.82 31.37
619.8 628510.50 196863.75 31.32
621.2 614178.80 192136.60 31.28
622.7 599377.60 187281.47 31.25
624.1 587545.20 183417.40 31.22
625.5 577161.10 180104.80 31.21
626.9 570350.55 177871.65 31.19
628.4 565086.60 176172.90 31.18
629.8 561529.15 174231.57 31.03
631.2 561217.60 172985.07 30.82
632.6 562446.30 172829.37 30.73
634.0 562542.00 173325.40 30.81
635.5 563014.00 173977.20 30.90
636.9 562950.00 174363.92 30.97
638.3 563137.20 174522.60 30.99
639.7 563230.50 174457.73 30.97
641.1 564045.30 174989.62 31.02
642.5 563323.20 175561.80 31.17
644.0 562378.20 176375.80 31.36
645.4 561468.35 177328.42 31.58
646.8 558550.20 177261.82 31.74
648.2 556479.00 176793.10 31.77
649.6 555397.00 176603.07 31.80
651.0 554342.40 176729.60 31.88
652.4 553038.20 177103.33 32.02
653.8 552315.30 177466.23 32.13
655.2 550664.80 177120.67 32.16
656.6 547187.20 175466.20 32.07
658.0 547627.50 174657.23 31.89
659.4 552375.75 175428.30 31.76
660.8 558489.75 176797.33 31.66
662.2 567506.80 179343.25 31.60
663.6 574905.60 181656.00 31.60
665.0 579997.20 183179.60 31.58
666.4 581561.40 183646.20 31.58
667.8 580451.40 183232.80 31.57
669.2 576551.95 181984.83 31.56
670.6 571106.25 180169.60 31.55
672.0 565533.90 178367.40 31.54
673.4 559900.60 176521.43 31.53
674.8 555598.40 175104.80 31.52
676.1 551667.20 173764.27 31.50
677.5 548779.70 172762.33 31.48
678.9 546175.95 171883.10 31.47
680.3 543474.00 170984.67 31.46
681.7 539633.90 169795.25 31.46
683.1 530370.00 166992.00 31.49
684.4 517746.90 163087.62 31.50
685.8 505038.60 158948.40 31.47
687.2 491803.20 154591.20 31.43
688.6 480625.25 150857.00 31.39
689.9 472072.70 147988.37 31.35
691.3 467734.40 146568.80 31.34
692.7 467695.20 146444.13 31.31
694.1 469122.50 146916.00 31.32
695.4 471014.40 147622.40 31.34
696.8 473280.50 148545.83 31.39
698.2 476864.85 149853.63 31.42
699.5 481283.10 151415.80 31.46
700.9 487937.00 153620.40 31.48
702.2 496485.00 156414.17 31.50
703.6 505294.40 159178.93 31.50
705.0 511465.50 161145.83 31.51
706.3 512680.35 161494.23 31.50
707.7 508851.80 160320.43 31.51
709.0 502238.40 158277.60 31.51
710.4 495820.30 156278.45 31.52
711.8 489708.00 154524.13 31.55
713.1 482513.50 152531.17 31.61
714.5 472032.00 149596.00 31.69
715.8 458046.75 145413.10 31.75
717.2 443802.00 140911.33 31.75
718.5 430168.55 136515.63 31.74
719.9 417942.80 132629.20 31.73
721.2 409860.10 130094.47 31.74
722.5 405967.80 128802.60 31.73
723.9 404051.70 128113.55 31.71
725.2 401486.40 127260.00 31.70
726.6 398816.55 126357.55 31.68
727.9 397202.40 125753.13 31.66
729.2 399602.40 126336.40 31.62
730.6 405319.80 127982.73 31.58
731.9 412778.80 130286.80 31.56
733.2 422073.60 133179.60 31.55
734.6 431370.50 136086.17 31.55
735.9 439305.55 138560.22 31.54
737.2 445588.00 140552.10 31.54
738.6 450288.40 142032.53 31.54
739.9 454713.60 143475.20 31.55
741.2 458902.50 144847.50 31.56
742.5 462674.80 146089.53 31.57
743.9 466459.00 147336.47 31.59
745.2 468774.15 148076.28 31.59
746.5 470061.50 148543.17 31.60
747.8 470569.95 148751.80 31.61
749.1 470388.90 148730.20 31.62
750.4 469887.60 148552.80 31.61
751.8 469106.25 148373.83 31.63
753.1 468080.70 148048.07 31.63
754.4 465309.00 147326.83 31.66
755.7 453936.00 144283.58 31.79
757.0 432001.80 137949.75 31.93
758.3 402341.40 128801.25 32.01
759.6 367694.80 117708.80 32.01
760.9 334763.80 107026.37 31.97
762.2 308858.60 98316.38 31.83
763.5 299196.50 94740.58 31.67
764.8 306379.75 96588.08 31.53
766.1 325084.05 102327.15 31.48
767.4 348910.00 109794.58 31.47
768.7 372963.00 117505.83 31.51
770.0 395045.15 124647.40 31.55
771.3 413253.55 130600.50 31.60
772.6 428401.75 135673.92 31.67
773.9 440994.00 139922.35 31.73
775.2 453435.00 144172.00 31.80
776.5 466621.00 148591.93 31.84
777.7 482527.50 153729.33 31.86
779.0 495157.20 157711.25 31.85
780.3 494647.30 157458.82 31.83
781.6 479944.00 152728.00 31.82
782.9 462039.00 146984.37 31.81
784.1 450165.60 143272.80 31.83
785.4 444576.10 141618.13 31.85
786.7 440966.90 140522.48 31.87
788.0 438242.40 139665.60 31.87
789.2 436628.55 139184.50 31.88
790.5 436024.30 139054.12 31.89
791.8 436257.50 139172.37 31.90
793.0 436690.50 139331.00 31.91
794.3 436661.00 139364.40 31.92
795.6 436176.00 139176.00 31.91
796.9 435702.40 139117.47 31.93
798.1 434812.40 138778.93 31.92
799.4 433744.35 138371.65 31.90
800.6 432076.85 137815.60 31.90
801.9 431113.60 137442.67 31.88
803.1 431296.50 137369.90 31.85
804.4 431139.60 137227.20 31.83
805.6 429395.85 136563.70 31.80
806.9 424872.75 135137.00 31.81
808.2 418633.80 133165.90 31.81
809.4 409642.20 130292.25 31.81
810.7 397839.05 126652.57 31.84
811.9 382949.70 122045.35 31.87
813.1 366990.05 116912.27 31.86
814.4 351429.90 111991.10 31.87
815.6 338314.90 107631.83 31.81
816.9 329626.80 104742.00 31.78
818.1 323265.80 102609.65 31.74
819.4 320229.30 101585.63 31.72
820.6 319338.60 101222.35 31.70
821.8 320001.60 101213.87 31.63
823.1 322611.80 101991.87 31.61
824.3 324069.20 102501.47 31.63
825.5 326068.05 103137.65 31.63
826.8 329245.00 104059.67 31.61
828.0 331500.40 104782.77 31.61
829.2 333165.00 105256.20 31.59
830.4 334456.50 105602.50 31.57
831.6 337392.00 106418.40 31.54
832.9 341596.00 107782.33 31.55
834.1 346782.30 109496.37 31.57
835.3 352116.05 111184.88 31.58
836.5 358303.60 113078.00 31.56
837.8 364371.20 115074.27 31.58
839.0 369716.85 116730.50 31.57
840.2 374368.40 118301.05 31.60
841.4 379040.00 119760.00 31.60
842.6 383325.00 121103.80 31.59
843.8 386894.20 122235.67 31.59
845.0 388989.80 122931.07 31.60
846.2 389128.60 122963.87 31.60
847.4 388175.70 122637.17 31.59
848.6 386084.55 122010.85 31.60
849.8 382907.30 121019.90 31.61
851.0 379086.75 119836.50 31.61
852.2 374906.00 118449.80 31.59
853.4 373721.25 118047.50 31.59
854.6 373953.50 118020.17 31.56
855.8 374904.40 118338.13 31.56
857.0 377785.10 119264.38 31.57
858.2 381709.00 120373.47 31.54
859.4 384753.00 121398.60 31.55
860.6 386691.00 122020.40 31.56
861.8 387254.20 122304.27 31.58
863.0 386405.75 122057.17 31.59
864.1 383851.80 121274.05 31.59
865.3 382610.60 120895.73 31.60
866.5 381568.80 120650.20 31.62
867.7 380858.00 120416.00 31.62
868.9 381364.75 120446.17 31.58
870.0 382517.05 120866.68 31.60
871.2 383295.20 121199.47 31.62
872.4 383926.90 121372.18 31.61
873.6 384026.80 121327.80 31.59
874.7 384256.00 121356.80 31.58
875.9 384912.55 121479.05 31.56
877.1 385284.90 121628.40 31.57
878.2 385119.60 121519.60 31.55
879.4 384764.80 121319.80 31.53
880.6 383223.00 120756.60 31.51
881.7 380375.80 119789.43 31.49
882.9 377028.30 118770.30 31.50
884.0 373543.80 117581.18 31.48
885.2 370704.75 116716.75 31.49
886.4 367668.00 115747.33 31.48
887.5 364436.00 114572.02 31.44
888.7 361163.40 113570.60 31.45
889.8 356767.20 112249.20 31.46
891.0 350528.20 110211.93 31.44
892.1 341881.05 107671.48 31.49
893.3 330485.50 104021.83 31.48
894.4 316457.05 99697.15 31.50
895.5 301888.50 95047.67 31.48
896.7 286770.00 90270.67 31.48
897.8 273935.10 86156.15 31.45
899.0 264762.75 83157.50 31.41
900.1 259840.00 81416.53 31.33
901.2 258640.20 81081.00 31.35
902.4 259521.00 81272.50 31.32
903.5 259974.00 81491.85 31.35
904.6 258782.85 81384.60 31.45
905.8 256510.80 80583.75 31.42
906.9 252667.50 79426.10 31.44
908.0 247563.00 77677.00 31.38
909.2 243041.50 76234.60 31.37
910.3 238939.80 75055.00 31.41
911.4 234952.80 73679.20 31.36
912.5 231968.80 72820.43 31.39
913.6 229053.00 71874.00 31.38
914.8 227145.80 71218.53 31.35
915.9 227033.95 70989.97 31.27
917.0 229591.05 71720.57 31.24
918.1 233516.30 72981.43 31.25
919.2 236806.40 74092.80 31.29
920.3 240663.50 75335.52 31.30
921.5 242953.00 76231.17 31.38
922.6 243405.00 76327.00 31.36
923.7 241555.60 75948.40 31.44
924.8 237242.70 74807.88 31.53
925.9 228186.00 72077.80 31.59
927.0 215555.50 68216.83 31.65
928.1 199453.80 63136.02 31.65
929.2 179707.50 57023.75 31.73
930.3 158445.60 50285.50 31.74
931.4 137673.90 43714.88 31.75
932.5 118942.40 37640.00 31.65
933.5 103550.00 32806.67 31.68
934.6 92568.10 29255.62 31.60
935.7 85770.10 26972.95 31.45
936.8 84801.60 26696.80 31.48
937.9 85795.20 27009.60 31.48
939.0 87119.60 27430.27 31.49
940.1 89760.00 28084.00 31.29
941.1 91885.80 28766.05 31.31
942.2 92067.60 28937.53 31.43
943.3 92169.35 29012.32 31.48
944.4 91827.20 28723.20 31.28
945.4 92123.20 29009.95 31.49
946.5 93294.90 29370.62 31.48
947.6 94218.00 29644.20 31.46
948.7 96042.50 30218.25 31.46
949.7 97491.60 30665.25 31.45
950.8 98616.40 31000.70 31.44
951.9 100467.90 31744.20 31.60
952.9 101900.00 32183.42 31.58
954.0 103999.35 32755.02 31.50
955.0 107459.95 33775.67 31.43
956.1 111486.00 34976.00 31.37
957.1 114000.70 35759.43 31.37
958.2 118018.65 37138.07 31.47
959.2 123015.00 38940.00 31.65
960.3 127794.55 40270.97 31.51
961.4 133159.95 42099.75 31.62
962.4 139314.00 43977.00 31.57
963.4 146830.80 46298.00 31.53
964.5 155177.75 48883.83 31.50
965.5 165839.10 52228.17 31.49
966.6 177097.55 55759.67 31.49
967.6 188701.80 59642.80 31.61
968.6 199997.40 63423.30 31.71
969.7 211355.40 66956.10 31.68
970.7 219581.25 69429.50 31.62
971.7 224371.70 71036.60 31.66
972.8 228244.40 72337.30 31.69
973.8 230255.65 73171.17 31.78
974.8 232171.30 73674.40 31.73
975.8 234243.75 74051.25 31.61
976.9 236278.90 74743.07 31.63
977.9 238644.30 75734.15 31.74
978.9 243436.05 76984.05 31.62
979.9 247377.60 78523.20 31.74
980.9 252068.00 79514.13 31.54
981.9 257742.30 81212.33 31.51
982.9 263369.30 83110.62 31.56
983.9 269115.00 85278.00 31.69
984.9 275138.00 87078.25 31.65
985.9 280498.10 88913.57 31.70
986.9 288090.00 90161.50 31.30
987.9 291202.40 92032.27 31.60
988.9 296593.70 92703.87 31.26
989.9 301061.00 94812.67 31.49
990.9 304016.90 95834.93 31.52
991.9 307697.25 96091.50 31.23
992.9 310896.00 97514.83 31.37
993.9 314667.60 98048.60 31.16
994.9 317427.85 98165.27 30.93
995.9 319454.55 99214.80 31.06
996.8 320598.75 99590.25 31.06
997.8 323642.70 100105.70 30.93
998.8 326144.50 100912.33 30.94
999.8 328652.80 101725.87 30.95
1000.7 327483.30 102527.00 31.31
1001.7 330792.15 101129.75 30.57
1002.6 334182.35 102879.92 30.79
1003.6 335390.40 102480.40 30.56
1004.6 336692.40 104578.70 31.06
1005.5 339828.50 103914.50 30.58
1006.5 346752.90 107253.90 30.93
1007.5 347345.00 105361.32 30.33
1008.4 357148.60 108697.40 30.43
1009.4 357835.70 110550.87 30.89
1010.3 364120.70 113172.65 31.08
1011.2 372650.65 111239.00 29.85
1012.2 379233.00 115876.75 30.56
1013.1 388146.60 112610.43 29.01
1014.0 382267.20 116803.87 30.56
988.9 222874.31 70379.63 31.58
992.7 227656.03 71800.12 31.54
996.6 233923.03 73658.26 31.49
1000.4 237202.49 74594.00 31.45
1004.3 238578.68 74991.50 31.43
1008.1 239581.27 75252.49 31.41
1012.0 242358.75 76149.50 31.42
1015.8 246085.53 77444.38 31.47
1019.6 250850.42 79129.17 31.54
1023.5 256932.14 81223.92 31.61
1027.3 262466.78 83089.86 31.66
1031.2 266481.29 84379.72 31.66
1035.0 268650.59 84970.55 31.63
1038.8 269441.51 85166.24 31.61
1042.7 269650.08 85200.26 31.60
1046.5 269250.08 85028.08 31.58
1050.3 268497.49 84801.20 31.58
1054.2 266940.09 84314.30 31.59
1058.0 264023.22 83386.51 31.58
1061.8 259972.43 82125.74 31.59
1065.6 255471.19 80726.94 31.60
1069.5 250414.43 79165.16 31.61
1073.3 245307.69 77559.55 31.62
1077.1 240398.25 75972.84 31.60
1080.9 235440.49 74412.49 31.61
1084.7 230022.71 72751.67 31.63
1088.5 223396.80 70684.42 31.64
1092.3 215132.33 68088.50 31.65
1096.2 205129.71 64947.79 31.66
1100.0 192565.52 60995.79 31.68
1103.8 176592.70 56049.08 31.74
1107.6 157190.63 50009.40 31.81
1111.4 135211.21 43071.24 31.85
1115.2 112618.39 35922.90 31.90
1119.0 91049.13 29068.59 31.93
1122.8 72840.30 23265.64 31.94
1126.6 60092.33 19159.02 31.88
1130.4 53091.83 16856.41 31.75
1134.2 50369.79 15935.83 31.64
1138.0 50044.58 15778.99 31.53
1141.8 51285.28 16108.09 31.41
1145.6 54130.98 16915.10 31.25
1149.4 59004.20 18404.71 31.19
1153.2 66813.66 20871.84 31.24
1156.9 77803.93 24350.18 31.30
1160.7 91224.66 28602.84 31.35
1164.5 105392.75 33112.68 31.42
1168.3 118463.69 37318.57 31.50
1172.1 129220.19 40807.24 31.58
1175.8 137194.20 43428.53 31.65
1179.6 143026.03 45362.18 31.72
1183.4 147219.19 46770.24 31.77
1187.2 150300.15 47845.34 31.83
1190.9 152546.14 48656.52 31.90
1194.7 154248.11 49269.13 31.94
1198.5 155589.09 49715.40 31.95
1202.2 156537.87 50022.59 31.96
1206.0 157519.20 50379.85 31.98
1209.8 159029.02 50912.10 32.01
1213.5 161271.83 51658.81 32.03
1217.3 164025.28 52545.96 32.04
1221.0 167188.46 53583.27 32.05
1224.8 170422.18 54646.26 32.07
1228.5 173543.27 55670.29 32.08
1232.3 176274.35 56616.62 32.12
1236.0 178385.99 57345.05 32.15
1239.8 179607.58 57794.09 32.18
1243.5 179702.38 57864.60 32.20
1247.3 178566.50 57532.53 32.22
1251.0 175944.91 56748.10 32.25
1254.8 171878.37 55473.39 32.27
1258.5 166985.91 53909.48 32.28
1262.2 162070.00 52336.64 32.29
1266.0 157977.97 51058.63 32.32
1269.7 155183.44 50194.20 32.35
1273.4 153906.21 49785.25 32.35
1277.2 154057.20 49858.78 32.36
1280.9 154702.03 50088.07 32.38
1284.6 154831.29 50169.29 32.40
1288.3 154029.76 49977.73 32.45
1292.1 151821.75 49315.03 32.48
1295.8 148255.73 48196.71 32.51
1299.5 143253.20 46629.05 32.55
1303.2 137175.48 44714.92 32.60
1306.9 130366.54 42541.73 32.63
1310.6 123337.11 40272.06 32.65
1314.3 116034.19 37903.86 32.67
1318.0 108150.75 35390.38 32.72
1321.8 99822.00 32702.50 32.76
1325.5 91208.91 29876.72 32.76
1329.2 82419.10 27019.89 32.78
1332.8 73141.44 24038.17 32.87
1336.5 63377.86 20882.58 32.95
1340.2 53521.81 17665.44 33.01
1343.9 43777.44 14466.71 33.05
1347.6 34272.81 11340.12 33.09
1351.3 25436.91 8446.08 33.20
1355.0 18121.73 6048.24 33.38
1358.7 12757.66 4270.56 33.47
1362.3 9180.00 3070.20 33.44
1366.0 6842.26 2275.99 33.26
1369.7 5309.86 1752.10 33.00
1373.4 4317.68 1424.21 32.99
1377.1 3707.14 1221.40 32.95
1380.7 3337.68 1098.28 32.91
1384.4 3168.88 1036.63 32.71
1388.1 3112.20 1010.88 32.48
1391.7 3125.55 1015.10 32.48
1395.4 3224.00 1044.08 32.38
1399.0 3414.45 1107.46 32.43
1402.7 3671.15 1187.11 32.34
1406.4 3933.38 1271.02 32.31
1410.0 4201.61 1359.32 32.35
1413.7 4508.54 1457.50 32.33
1417.3 4904.33 1579.21 32.20
1421.0 5315.61 1715.70 32.28
1424.6 5714.55 1860.48 32.56
1428.2 6153.31 1998.37 32.48
1431.9 6666.38 2160.21 32.40
1435.5 7247.51 2348.75 32.41
1439.2 8015.96 2601.96 32.46
1442.8 9275.50 3007.38 32.42
1446.4 11146.19 3615.64 32.44
1450.0 13537.63 4407.40 32.56
1453.7 15962.49 5221.83 32.71
1457.3 17930.69 5892.70 32.86
1460.9 19361.28 6370.07 32.90
1464.5 20174.44 6637.85 32.90
1468.1 20546.07 6766.48 32.93
1471.8 20963.25 6906.68 32.95
1475.4 22078.35 7281.79 32.98
1479.0 24445.18 8045.75 32.91
1482.6 28152.65 9249.15 32.85
1486.2 33266.53 10940.86 32.89
1489.8 39372.16 12982.77 32.97
1493.4 46209.16 15269.71 33.04
1497.0 53349.41 17659.26 33.10
1500.6 60392.67 20031.62 33.17
1504.2 66802.73 22196.59 33.23
1507.7 72500.03 24139.71 33.30
1511.3 77682.98 25911.40 33.36
1514.9 82419.35 27535.20 33.41
1518.5 86702.34 29017.75 33.47
1522.1 90339.20 30281.98 33.52
1525.7 93491.09 31393.78 33.58
1529.2 96161.84 32343.38 33.63
1532.8 98340.95 33121.12 33.68
1536.4 100064.13 33736.50 33.71
1539.9 101421.70 34240.82 33.76
1543.5 102420.20 34629.26 33.81
1547.0 103078.20 34868.38 33.83
1550.6 103414.75 35006.27 33.85
1554.2 103452.64 35046.29 33.88
1557.7 103165.84 34972.87 33.90
1561.3 102331.32 34716.95 33.93
1564.8 101064.21 34310.81 33.95
1568.4 99487.03 33799.81 33.97
1571.9 97850.31 33249.72 33.98
1575.5 96510.15 32798.38 33.98
1579.0 95599.24 32482.56 33.98
1582.5 95187.70 32358.49 33.99
1586.0 95048.69 32321.90 34.01
1589.6 94891.10 32253.33 33.99
1593.1 94416.43 32086.47 33.98
1596.6 93761.50 31867.70 33.99
1600.2 92982.49 31610.14 34.00
1603.7 92260.63 31349.96 33.98
1607.2 91725.01 31179.73 33.99
1610.7 91460.23 31102.95 34.01
1614.2 91501.16 31114.99 34.01
1617.7 91740.34 31198.73 34.01
1621.2 91983.08 31276.97 34.00
1624.7 92064.30 31296.55 33.99
1628.2 91799.81 31216.46 34.00
1631.7 91178.48 31032.71 34.04
1635.2 90310.55 30751.67 34.05
1638.7 89342.96 30432.91 34.06
1642.2 88343.90 30112.21 34.09
1645.7 87536.07 29833.99 34.08
1649.2 86823.18 29587.02 34.08
1652.6 86218.26 29386.48 34.08
1656.1 85590.56 29205.00 34.12
1659.6 84992.67 29013.14 34.14
1663.1 84383.27 28798.90 34.13
1666.5 83617.37 28560.54 34.16
1670.0 82804.39 28299.04 34.18
1673.5 82085.48 28060.94 34.19
1676.9 81460.51 27850.23 34.19
1680.4 80784.94 27609.86 34.18
1683.8 80028.11 27353.41 34.18
1687.3 79321.20 27114.90 34.18
1690.7 78556.90 26842.54 34.17
1694.2 77690.33 26539.63 34.16
1697.6 76807.66 26233.74 34.16
1701.1 75849.29 25900.64 34.15
1704.5 74937.33 25612.39 34.18
1707.9 73978.27 25308.33 34.21
1711.4 72902.58 24959.77 34.24
1714.8 71723.73 24578.48 34.27
1718.2 70489.28 24173.14 34.29
1721.6 69132.18 23724.47 34.32
1725.1 67585.16 23211.51 34.34
1728.5 65944.30 22631.36 34.32
1731.9 64317.99 22056.93 34.29
1735.3 62711.11 21515.73 34.31
1738.7 61252.60 21007.99 34.30
1742.1 59849.11 20504.93 34.26
1745.5 58616.38 20081.68 34.26
1748.9 57451.76 19678.69 34.25
1752.3 56146.24 19213.35 34.22
1755.7 54693.69 18721.92 34.23
1759.1 53006.85 18137.25 34.22
1762.5 50927.65 17420.67 34.21
1765.8 48451.43 16578.94 34.22
1769.2 45639.02 15605.87 34.19
1772.6 42569.97 14558.75 34.20
1776.0 39409.05 13486.37 34.22
1779.3 36109.86 12374.86 34.27
1782.7 32678.46 11220.53 34.34
1786.1 29200.96 10028.33 34.34
1789.4 25658.70 8796.63 34.28
1792.8 22015.74 7549.54 34.29
1796.1 18408.89 6308.40 34.27
1799.5 14985.75 5133.23 34.25
1802.8 11944.03 4088.82 34.23
1806.2 9404.53 3219.62 34.23
1809.5 7394.23 2528.39 34.19
1812.9 5815.71 1986.94 34.17
1816.2 4608.22 1564.10 33.94
1819.5 3718.80 1258.19 33.83
1822.9 3072.11 1039.07 33.82
1826.2 2608.81 878.43 33.67
1829.5 2274.66 765.38 33.65
1832.8 2050.16 696.86 33.99
1836.1 1929.99 658.56 34.12
1839.5 1825.14 615.62 33.73
1842.8 1687.02 571.42 33.87
1846.1 1617.96 543.00 33.56
1849.4 1563.71 525.72 33.62
1852.7 1491.09 508.96 34.13
1856.0 1441.80 490.21 34.00
1859.3 1399.99 480.23 34.30
1862.5 1382.95 468.58 33.88
1865.8 1368.95 461.47 33.71
1869.1 1356.25 458.30 33.79
1872.4 1341.00 457.73 34.13
1875.7 1369.88 467.58 34.13
1878.9 1398.62 473.89 33.88
1882.2 1407.90 482.14 34.25
1885.5 1473.87 501.38 34.02
1888.7 1610.54 543.23 33.73
1892.0 1752.18 596.70 34.06
1895.2 1871.35 656.41 35.08
1898.5 2091.70 733.70 35.08
1901.8 2296.26 784.74 34.17
1905.0 2479.56 832.35 33.57
1870.5 6587.88 2618.26 39.74
1873.3 4704.06 1462.07 31.08
1876.1 3340.28 1192.96 35.71
1878.8 2543.33 1053.67 41.43
1881.6 2126.61 800.93 37.66
1884.4 1601.88 619.39 38.67
1887.2 1346.16 460.08 34.18
1890.0 1185.75 502.20 42.35
1892.8 984.62 386.82 39.29
1895.5 862.04 304.25 35.29
1898.3 777.58 298.38 38.37
1901.1 750.30 272.09 36.26
1903.8 685.95 236.27 34.44
1906.6 613.32 199.69 32.56
1909.3 608.40 216.32 35.56
1912.1 635.69 227.03 35.71
1914.9 658.88 244.73 37.14
1917.6 614.59 225.15 36.63
1920.4 596.57 206.73 34.65
1923.1 653.79 223.67 34.21
1925.9 693.84 242.29 34.92
1928.6 680.77 235.65 34.62
1931.4 726.35 243.78 33.56
1934.1 834.85 292.43 35.03
1936.8 981.93 348.14 35.45
1939.6 1124.71 373.50 33.21
1942.3 1371.04 451.82 32.95
1945.0 1666.94 552.01 33.12
1947.8 1935.36 638.29 32.98
1950.5 2282.98 750.26 32.86
1953.2 2786.00 900.00 32.30
1955.9 3477.95 1132.63 32.57
1958.7 4427.50 1443.25 32.60
1961.4 5778.30 1868.13 32.33
1964.1 7560.59 2460.43 32.54
1966.8 9701.73 3183.17 32.81
1969.5 12193.25 4010.58 32.89
1972.2 14939.88 4911.30 32.87
1974.9 17766.63 5860.99 32.99
1977.6 20619.05 6834.99 33.15
1980.3 23354.19 7765.32 33.25
1983.0 25738.50 8569.80 33.30
1985.7 27604.26 9225.14 33.42
1988.4 28840.44 9676.64 33.55
1991.1 28969.19 9749.50 33.65
1993.8 28359.29 9583.72 33.79
1996.5 26982.40 9096.02 33.71
1999.1 24729.30 8331.87 33.69
2001.8 22268.88 7528.03 33.81
2004.5 19790.32 6683.94 33.77
2007.2 17577.28 5955.79 33.88
2009.8 15899.52 5396.53 33.94
2012.5 15003.13 5049.73 33.66
2015.2 15014.40 5041.29 33.58
2017.8 15667.50 5275.07 33.67
2020.5 17379.04 5862.27 33.73
2023.2 20077.06 6808.56 33.91
2025.8 22942.40 7802.60 34.01
2028.5 26260.09 8963.69 34.13
2031.2 29677.74 10185.84 34.32
2033.8 32664.40 11257.46 34.46
2036.5 35038.98 12113.10 34.57
2039.1 36743.83 12739.55 34.67
2041.7 37455.45 13020.58 34.76
2044.4 37462.57 13060.65 34.86
2047.0 37159.63 12981.07 34.93
2049.7 36181.95 12647.83 34.96
2052.3 34804.49 12165.80 34.95
2054.9 33285.08 11616.22 34.90
2057.6 31958.23 11145.11 34.87
2060.2 30900.56 10793.52 34.93
2062.8 30161.00 10543.69 34.96
2065.4 29879.99 10427.43 34.90
2068.1 30038.52 10473.47 34.87
2070.7 30538.89 10667.84 34.93
2073.3 31361.48 10973.30 34.99
2075.9 32435.08 11360.52 35.03
2078.5 33597.25 11774.68 35.05
2081.1 34857.09 12253.17 35.15
2083.7 36055.55 12708.29 35.25
2086.3 36940.69 13027.08 35.26
2088.9 37680.96 13311.80 35.33
2091.6 38259.39 13528.27 35.36
2094.1 38634.64 13657.02 35.35
2096.7 38843.88 13753.08 35.41
2099.3 38897.97 13783.52 35.44
2101.9 38979.92 13820.83 35.46
2104.5 39026.19 13849.58 35.49
2107.1 38957.79 13828.32 35.50
2109.7 38931.82 13850.62 35.58
2112.3 38916.10 13866.42 35.63
2114.8 38880.80 13846.70 35.61
2117.4 38872.13 13850.26 35.63
2120.0 38899.39 13868.53 35.65
2122.6 38941.33 13901.33 35.70
2125.1 38948.53 13915.17 35.73
2127.7 39063.17 13960.01 35.74
2130.3 39170.63 14010.21 35.77
2132.8 39172.02 14003.97 35.75
2135.4 39147.35 14014.68 35.80
2137.9 39121.44 14005.94 35.80
2140.5 38950.84 13942.43 35.79
2143.0 38794.17 13903.59 35.84
2145.6 38377.19 13751.21 35.83
2148.1 37884.84 13562.97 35.80
2150.7 37310.87 13346.80 35.77
2153.2 36736.00 13130.93 35.74
2155.8 36087.18 12870.18 35.66
2158.3 35430.66 12617.65 35.61
2160.8 34778.36 12368.42 35.56
2163.4 34238.22 12141.29 35.46
2165.9 33784.29 11944.27 35.35
2168.4 33463.60 11790.27 35.23
2171.0 33178.46 11674.60 35.19
2173.5 32925.60 11548.17 35.07
2176.0 32713.23 11441.28 34.97
2178.5 32528.07 11363.21 34.93
2181.1 32274.77 11219.67 34.76
2183.6 31959.90 11070.00 34.64
2186.1 31697.19 10971.48 34.61
2188.6 31407.76 10828.12 34.48
2191.1 31072.71 10662.71 34.32
2193.6 30807.29 10532.71 34.19
2196.1 30621.76 10425.76 34.05
2198.6 30502.77 10378.58 34.03
2201.1 30416.53 10332.00 33.97
2203.6 30309.13 10267.54 33.88
2206.1 30206.82 10176.32 33.69
2208.6 30238.04 10169.67 33.63
2211.1 30332.31 10195.92 33.61
2213.6 30423.51 10196.94 33.52
2216.0 30620.52 10282.26 33.58
2218.5 30662.80 10309.60 33.62
2221.0 30672.62 10295.35 33.57
2223.5 30656.67 10299.17 33.60
2225.9 30600.45 10291.35 33.63
2228.4 30635.83 10322.01 33.69
2230.9 30594.72 10313.73 33.71
2233.3 30314.61 10189.30 33.61
2235.8 30119.40 10155.20 33.72
2238.3 30015.44 10152.71 33.82
2240.7 29750.79 10057.18 33.80
2243.2 29463.75 9955.11 33.79
2245.7 29202.06 9857.70 33.76
2248.1 28886.87 9751.04 33.76
2250.6 28577.89 9639.32 33.73
2253.0 28286.13 9542.13 33.73
2255.4 27896.91 9403.95 33.71
2257.9 27521.03 9279.70 33.72
2260.3 27171.84 9169.32 33.75
2262.8 26808.72 9048.72 33.75
2265.2 26527.86 8960.23 33.78
2267.6 26278.18 8871.45 33.76
2270.1 26032.57 8785.92 33.75
2272.5 25870.81 8736.42 33.77
2274.9 25689.75 8690.46 33.83
2277.3 25483.79 8605.27 33.77
2279.8 25302.29 8522.02 33.68
2282.2 25128.95 8457.65 33.66
2284.6 24940.68 8408.73 33.71
2287.0 24723.19 8348.01 33.77
2289.4 24426.58 8224.14 33.67
2291.8 24124.62 8113.76 33.63
2294.3 23917.96 8041.19 33.62
2296.7 23755.21 7957.79 33.50
2299.1 23574.95 7893.70 33.48
2301.5 23507.94 7877.97 33.51
2303.9 23453.28 7853.55 33.49
2306.3 23402.80 7829.36 33.45
2308.7 23130.28 7722.23 33.39
2311.0 22929.86 7651.02 33.37
2313.4 22825.76 7619.62 33.38
2315.8 22463.12 7466.68 33.24
2318.2 22019.65 7287.58 33.10
2320.6 21452.42 7114.77 33.17
2323.0 21156.99 7003.74 33.10
2325.3 21176.56 6993.41 33.02
2327.7 21069.80 6936.00 32.92
2330.1 20865.83 6854.21 32.85
2332.5 20687.92 6833.33 33.03
2334.8 20236.07 6646.93 32.85
2337.2 19700.88 6456.88 32.77
2339.6 19125.55 6283.27 32.85
2341.9 18508.44 6077.35 32.84
2344.3 17915.90 5886.70 32.86
2346.6 17197.32 5635.28 32.77
2349.0 16684.52 5444.46 32.63
2351.3 16174.08 5240.43 32.40
2353.7 15849.62 5148.40 32.48
2356.0 15820.08 5178.24 32.73
2358.4 15624.14 5117.65 32.75
2360.7 15456.39 5080.07 32.87
2363.1 15221.50 4998.00 32.84
2365.4 14861.25 4881.28 32.85
2367.7 14399.86 4738.88 32.91
2370.1 13915.74 4570.14 32.84
2372.4 13454.47 4443.91 33.03
2374.7 12871.27 4243.64 32.97
2377.0 12463.00 4095.67 32.86
2379.3 12137.03 4005.73 33.00
2381.7 11787.58 3874.42 32.87
2384.0 11469.90 3775.42 32.92
2386.3 11255.64 3712.16 32.98
2388.6 11184.93 3678.27 32.89
2390.9 11163.48 3687.13 33.03
2393.2 11201.29 3703.38 33.06
2395.5 11214.90 3714.08 33.12
2397.8 11106.26 3669.96 33.04
2400.2 10922.49 3609.91 33.05
2402.4 10741.30 3557.13 33.12
2404.7 10443.64 3450.03 33.03
2407.0 10040.03 3325.64 33.12
2409.3 9572.01 3156.09 32.97
2411.6 9068.05 2967.65 32.73
2413.9 8595.29 2813.52 32.73
2416.2 8276.79 2709.59 32.74
2418.5 8118.87 2663.36 32.80
2420.8 8039.62 2619.79 32.59
2423.0 8049.67 2605.80 32.37
2425.3 8245.29 2681.64 32.52
2427.6 8389.39 2743.35 32.70
2429.8 8362.75 2725.19 32.59
2432.1 8238.08 2669.79 32.41
2434.4 8200.68 2668.44 32.54
2436.6 8157.75 2646.24 32.44
2438.9 7893.82 2536.49 32.13
2441.2 7502.95 2429.70 32.38
2443.4 7125.09 2315.43 32.50
2445.7 6764.43 2176.10 32.17
2447.9 6349.07 2033.94 32.04
2450.2 5892.21 1893.42 32.13
2452.4 5623.19 1801.51 32.04
2454.7 5557.41 1764.56 31.75
2456.9 5512.56 1755.10 31.84
2459.1 5472.79 1767.00 32.29
2461.4 5466.64 1747.94 31.97
2463.6 5419.58 1738.26 32.07
2465.8 5177.96 1677.15 32.39
2468.1 4797.13 1531.00 31.91
2470.3 4451.20 1440.40 32.36
2472.5 4131.40 1334.76 32.31
2474.8 3779.54 1211.80 32.06
2477.0 3388.57 1088.42 32.12
2479.2 2981.92 943.37 31.64
2481.4 2598.36 831.26 31.99
2483.6 2188.01 699.72 31.98
2485.8 1844.05 594.13 32.22
2488.0 1562.02 514.95 32.97
2490.2 1283.34 421.92 32.88
2492.4 1118.60 357.00 31.91
2494.7 1009.52 320.39 31.74
2496.8 930.92 351.41 37.75
2499.0 884.57 309.60 35.00
2501.2 850.63 240.25 28.24
2503.4 823.69 267.87 32.52
2505.6 794.63 285.25 35.90
