/*** Spectra Vista SIG Data ***/
name= \My Documents\varunmtech14\water-trivenighat.
instrument= HR: 1031044
integration= 10, 9.6, 30, 10, 38.4, 30
scan time= 1, 1
scan settings= AD, AI, AD, AI
external data set1= 8224, 8224, 8224, 8224, 8224, 8224, 8224, 8224, 8224, 8224, 8224, 8224, 8224, 8224, 8224, 8224
external data set2= 8224, 8224, 8224, 8224, 8224, 8224, 8224, 8224, 8224, 8224, 8224, 8224, 8224, 8224, 8224, 8224
external data dark= 0,0,0,0,0,0,0,0
external data mask= 0
optic= LENS 4, LENS 4
temp= 46.60, 9.08, -4.90, 47.16, 9.08, -4.97
battery= 8.0, 7.9
error= 0, 0
units= Radiance, Radiance
time= 1/30/08 11:11:38 PM, 1/30/08 11:12:23 PM
longitude= , 
latitude= , 
gpstime= , 
comm= 
memory slot= 0, 0
factors= 
data= 
341.6 172940.85 38019.60 21.98
343.1 179421.55 39532.20 22.03
344.7 184429.70 40923.75 22.19
346.3 189666.85 42230.80 22.27
347.9 196673.10 44095.50 22.42
349.5 209883.10 47297.60 22.54
351.1 228537.75 51737.25 22.64
352.6 244611.45 55567.85 22.72
354.2 257140.00 58652.00 22.81
355.8 263616.55 60354.55 22.89
357.4 265756.80 60724.00 22.85
358.9 261483.85 60016.85 22.95
360.5 261403.45 60317.80 23.07
362.1 271075.20 62906.80 23.21
363.6 287872.50 67097.00 23.31
365.2 313057.60 73244.80 23.40
366.8 347548.00 81557.50 23.47
368.3 375800.10 88281.00 23.49
369.9 387872.55 91163.15 23.50
371.5 389179.05 91733.10 23.57
373.0 384696.00 90741.95 23.59
374.6 376986.00 89142.00 23.65
376.1 371699.30 88557.70 23.83
377.7 367567.20 88452.00 24.06
379.3 368628.75 89286.30 24.22
380.8 389194.70 94189.00 24.20
382.4 416619.45 100097.40 24.03
383.9 421629.00 100542.30 23.85
385.5 409938.40 98012.00 23.91
387.0 401756.60 96841.70 24.10
388.6 411052.80 99999.00 24.33
390.1 414539.20 101656.00 24.52
391.7 406324.75 99969.35 24.60
393.2 390420.30 96174.10 24.63
394.8 392673.00 96843.00 24.66
396.3 418576.05 103553.55 24.74
397.9 465885.10 115702.05 24.83
399.4 529524.00 132354.00 24.99
401.0 603073.00 151178.60 25.07
402.5 667173.50 167314.00 25.08
404.1 717050.90 179418.85 25.02
405.6 741121.80 184991.10 24.96
407.1 748973.65 186807.70 24.94
408.7 745033.80 186070.50 24.97
410.2 730800.60 183476.60 25.11
411.7 710914.20 179530.80 25.25
413.3 697856.25 177157.50 25.39
414.8 694353.85 176819.65 25.47
416.4 702543.05 179187.80 25.51
417.9 717028.40 182884.40 25.51
419.4 740458.80 188788.00 25.50
420.9 772031.25 196679.25 25.48
422.5 804423.75 204652.50 25.44
424.0 822222.45 208989.90 25.42
425.5 818162.80 208224.80 25.45
427.1 794459.20 202340.00 25.47
428.6 762937.70 194484.60 25.49
430.1 732741.65 187310.25 25.56
431.6 711492.60 182983.50 25.72
433.2 704254.80 182260.65 25.88
434.7 708798.75 184470.00 26.03
436.2 722985.00 188988.75 26.14
437.8 745985.10 195175.40 26.16
439.3 772063.00 202415.50 26.22
440.8 804397.50 211331.25 26.27
442.3 840902.70 221179.20 26.30
443.8 879226.50 231407.25 26.32
445.4 916598.70 241139.70 26.31
446.9 947966.90 249537.90 26.32
448.4 972834.20 256603.55 26.38
449.9 986485.50 260760.50 26.43
451.4 988870.30 261894.05 26.48
452.9 980224.65 259990.80 26.52
454.5 968023.80 257456.40 26.60
456.0 953137.95 254038.05 26.65
457.5 940438.80 251290.20 26.72
459.0 932080.80 249806.20 26.80
460.5 924701.50 248801.20 26.91
462.0 918999.90 247526.10 26.93
463.6 918730.75 247546.25 26.94
465.1 929559.15 250978.65 27.00
466.6 961429.00 259925.40 27.04
468.1 1001412.00 269856.00 26.95
469.6 1015204.40 273835.10 26.97
471.1 1015110.20 274041.30 27.00
472.6 1018713.60 275443.20 27.04
474.1 1028075.25 278518.00 27.09
475.6 1035144.45 281088.20 27.15
477.1 1033902.65 281371.20 27.21
478.6 1026083.80 279993.00 27.29
480.1 1012956.00 277240.30 27.37
481.6 989737.50 271575.00 27.44
483.1 959422.75 263406.00 27.45
484.7 929924.45 255168.20 27.44
486.2 905659.70 248710.00 27.46
487.7 867559.45 244566.90 28.19
489.2 842271.45 243765.60 28.94
490.7 832461.30 246925.80 29.66
492.2 836665.65 252769.80 30.21
493.7 852142.40 259372.80 30.44
495.2 875968.75 265750.00 30.34
496.7 903967.50 270932.25 29.97
498.1 934767.15 274870.70 29.41
499.6 966966.00 277656.00 28.71
501.1 999091.25 279460.35 27.97
502.6 1009597.55 280445.80 27.78
504.1 1004152.60 280051.20 27.89
505.6 996332.40 278926.20 28.00
507.1 988149.95 277667.60 28.10
508.6 976425.00 275362.50 28.20
510.1 960480.00 271657.60 28.28
511.6 943831.30 267503.95 28.34
513.1 923230.00 262115.00 28.39
514.6 904911.70 257079.90 28.41
516.1 887841.30 252354.40 28.42
517.5 871033.80 247824.85 28.45
519.0 857932.20 244800.00 28.53
520.5 825542.40 244258.30 29.59
522.0 804403.60 246906.10 30.69
523.5 794678.85 251124.30 31.60
525.0 794678.85 255830.40 32.19
526.5 805920.00 261510.00 32.45
528.0 826944.00 267978.00 32.41
529.4 854945.50 274347.50 32.09
530.9 888551.00 280735.20 31.59
532.4 924957.00 286473.00 30.97
533.9 959993.25 290440.00 30.25
535.4 990683.75 292167.75 29.49
536.8 1001183.40 291554.80 29.12
538.3 988954.90 289085.90 29.23
539.8 974314.00 285734.90 29.33
541.3 957273.00 281600.40 29.42
542.8 942462.70 278078.30 29.51
544.2 929528.25 275023.00 29.59
545.7 920090.60 272775.10 29.65
547.2 911820.00 270573.40 29.67
548.6 903999.75 268223.25 29.67
550.1 871733.00 265967.20 30.51
551.6 843672.90 264970.30 31.41
553.1 818505.20 264114.00 32.27
554.5 797453.50 263390.10 33.03
556.0 784896.00 263368.00 33.55
557.5 777860.25 263847.00 33.92
558.9 780691.20 265299.10 33.98
560.4 790502.40 267561.60 33.85
561.9 810095.90 271197.60 33.48
563.3 835323.80 275024.20 32.92
564.8 866096.10 279088.80 32.22
566.3 898297.40 282007.95 31.39
567.7 929095.05 283498.80 30.51
569.2 950828.40 284544.00 29.93
570.6 947366.45 284606.00 30.04
572.1 942656.00 284069.50 30.14
573.6 937556.40 283466.70 30.23
575.0 932069.90 282700.10 30.33
576.5 926003.95 281669.85 30.42
577.9 920470.20 280616.70 30.49
579.4 914327.75 279415.90 30.56
580.9 908406.90 278320.10 30.64
582.3 902828.00 277147.20 30.70
583.8 895326.75 275263.65 30.74
585.2 883467.60 271996.80 30.79
586.7 868598.00 267512.00 30.80
588.1 851100.30 262284.40 30.82
589.6 836855.25 258032.25 30.83
591.0 825908.45 254745.00 30.84
592.5 820594.50 252857.25 30.81
593.9 818780.20 251906.90 30.77
595.4 821577.60 252162.40 30.69
596.8 818768.00 252784.40 30.87
598.2 810095.90 253164.00 31.25
599.7 805776.25 254063.75 31.53
601.1 808578.95 256101.45 31.67
602.6 815614.80 258378.90 31.68
604.0 829628.80 261427.20 31.51
605.5 847786.50 264385.00 31.19
606.9 871577.50 267242.30 30.66
608.3 895525.80 269511.60 30.10
609.8 901764.00 271261.80 30.08
611.2 906662.25 272613.75 30.07
612.6 908915.70 272867.10 30.02
614.1 912571.20 273367.50 29.96
615.5 914029.20 272995.80 29.87
616.9 913559.85 272110.95 29.79
618.4 907378.75 269803.90 29.73
619.8 890739.00 264793.50 29.73
621.2 869488.80 258981.40 29.79
622.7 847813.60 253297.60 29.88
624.1 830872.00 249141.30 29.99
625.5 816586.75 245657.65 30.08
626.9 807310.35 243487.20 30.16
628.4 799992.00 241731.90 30.22
629.8 794166.35 240840.10 30.33
631.2 793510.40 241429.60 30.43
632.6 795771.60 242486.40 30.47
634.0 795025.20 242109.00 30.45
635.5 794378.40 241795.20 30.44
636.9 793342.50 241234.50 30.41
638.3 792824.40 240836.40 30.38
639.7 792257.20 240501.80 30.36
641.1 793038.05 240705.50 30.35
642.5 791696.55 240597.30 30.39
644.0 790530.90 240484.35 30.42
645.4 789840.40 239837.70 30.37
646.8 786422.80 238294.90 30.30
648.2 784370.40 237438.30 30.27
649.6 783486.50 236929.60 30.24
651.0 782169.60 236313.60 30.21
652.4 780074.10 235441.70 30.18
653.8 778599.15 234884.20 30.17
655.2 775707.20 234116.00 30.18
656.6 769916.00 232190.00 30.16
658.0 769240.50 231391.30 30.08
659.4 774548.40 232162.20 29.97
660.8 781685.25 233299.00 29.85
662.2 793231.20 235690.25 29.71
663.6 802742.40 237643.20 29.60
665.0 808834.80 238650.00 29.51
666.4 810145.20 238278.00 29.41
667.8 807885.90 237119.40 29.35
669.2 801671.65 234995.80 29.31
670.6 793503.10 232365.25 29.28
672.0 785165.40 229959.00 29.29
673.4 776900.80 227476.70 29.28
674.8 770705.20 225774.00 29.29
676.1 765004.80 224089.60 29.29
677.5 760628.40 222872.30 29.30
678.9 756823.05 221879.85 29.32
680.3 752928.40 220834.00 29.33
681.7 747789.50 219590.35 29.37
683.1 735872.40 216365.40 29.40
684.4 719778.10 211847.50 29.43
685.8 703841.40 207455.40 29.47
687.2 687480.00 203102.40 29.54
688.6 673785.00 199801.00 29.65
689.9 663307.60 197706.00 29.81
691.3 658246.40 197254.40 29.97
692.7 658203.20 198190.40 30.11
694.1 660275.00 199776.50 30.26
695.4 663091.20 201446.40 30.38
696.8 666435.00 203126.00 30.48
698.2 671303.25 205071.75 30.55
699.5 677361.40 206995.80 30.56
700.9 686670.10 209817.00 30.56
702.2 698530.00 213307.50 30.54
703.6 710117.20 216845.20 30.54
705.0 717489.50 219173.50 30.55
706.3 717817.10 219489.40 30.58
707.7 711092.50 217822.50 30.63
709.0 700689.60 214912.80 30.67
710.4 690841.75 212050.35 30.69
711.8 682290.80 209397.00 30.69
713.1 673151.50 206302.00 30.65
714.5 660487.20 201865.20 30.56
715.8 643884.15 195951.00 30.43
717.2 627414.20 189795.20 30.25
718.5 611620.45 184105.25 30.10
719.9 597162.50 179077.80 29.99
721.2 587541.50 175661.20 29.90
722.5 583034.70 173790.60 29.81
723.9 580706.40 172335.15 29.68
725.2 577836.00 170604.00 29.52
726.6 574772.55 168795.00 29.37
727.9 572493.60 167055.00 29.18
729.2 574723.20 166579.60 28.98
730.6 580842.00 167111.10 28.77
731.9 588764.40 168271.60 28.58
733.2 598720.80 169918.80 28.38
734.6 608616.00 171574.50 28.19
735.9 616599.20 172696.95 28.01
737.2 622384.10 173225.00 27.83
738.6 626361.35 173420.45 27.69
739.9 630220.80 173764.80 27.57
741.2 633885.00 174142.50 27.47
742.5 637012.25 174441.75 27.38
743.9 640558.80 175187.60 27.35
745.2 642285.80 175411.60 27.31
746.5 642968.80 175299.60 27.26
747.8 642894.90 175155.75 27.24
749.1 642031.50 174698.70 27.21
750.4 640882.20 174271.50 27.19
751.8 639560.50 173803.25 27.18
753.1 637932.15 173270.95 27.16
754.4 634525.50 172223.50 27.14
755.7 620398.50 168392.50 27.14
757.0 592437.60 160339.50 27.06
758.3 555602.85 149457.60 26.90
759.6 513040.00 136972.00 26.70
760.9 472730.90 125694.70 26.59
762.2 441711.05 117419.35 26.58
763.5 431083.75 115171.25 26.72
764.8 440814.25 118876.35 26.97
766.1 464463.90 126209.70 27.17
767.4 493896.25 134787.50 27.29
768.7 523137.00 142912.50 27.32
770.0 549713.70 149950.20 27.28
771.3 571600.10 155514.25 27.21
772.6 590194.90 159975.85 27.11
773.9 605544.00 163453.00 26.99
775.2 621243.00 166896.00 26.86
776.5 637994.90 170595.20 26.74
777.7 658785.40 175429.80 26.63
779.0 675520.50 179353.05 26.55
780.3 674468.90 179201.05 26.57
781.6 654296.00 174420.00 26.66
782.9 629933.00 168951.60 26.82
784.1 614174.40 165693.60 26.98
785.4 607119.00 164798.65 27.14
786.7 603123.10 164476.40 27.27
788.0 600372.00 164203.20 27.35
789.2 598995.90 164137.20 27.40
790.5 598783.60 164425.55 27.46
791.8 599489.10 164793.30 27.49
793.0 600397.50 165230.50 27.52
794.3 600664.80 165627.60 27.57
795.6 599904.00 165600.00 27.60
796.9 599531.20 165737.20 27.64
798.1 598549.60 165756.80 27.69
799.4 597286.05 165526.80 27.71
800.6 595460.05 165176.05 27.74
801.9 594293.60 165010.80 27.77
803.1 594303.00 165120.30 27.78
804.4 594090.00 165103.20 27.79
805.6 591310.20 164597.55 27.84
806.9 585200.50 163108.00 27.87
808.2 576949.20 161097.30 27.92
809.4 565572.15 158202.00 27.97
810.7 551047.80 154216.15 27.99
811.9 532850.50 149231.60 28.01
813.1 513769.40 143778.75 27.99
814.4 495026.70 138444.60 27.97
815.6 479162.00 134049.30 27.98
816.9 469062.00 131155.20 27.96
818.1 461206.85 129190.75 28.01
819.4 457011.90 128141.10 28.04
820.6 455623.65 127423.65 27.97
821.8 456280.40 127444.40 27.93
823.1 459208.05 128033.50 27.88
824.3 460728.80 128052.40 27.79
825.5 463189.65 128228.10 27.68
826.8 466739.00 128558.50 27.54
828.0 469198.10 128640.75 27.42
829.2 470740.20 128158.80 27.22
830.4 471991.50 127677.00 27.05
831.6 474804.00 127828.80 26.92
832.9 479688.00 128612.00 26.81
834.1 485637.15 129629.40 26.69
835.3 491641.15 130716.30 26.59
836.5 498725.20 132226.40 26.51
837.8 505817.20 133723.60 26.44
839.0 511848.75 134859.30 26.35
840.2 517060.60 135780.05 26.26
841.4 522320.00 136720.00 26.18
842.6 527132.40 137674.20 26.12
843.8 531053.60 138298.60 26.04
845.0 533157.40 138584.80 25.99
846.2 532439.60 138189.80 25.95
847.4 530689.50 137364.70 25.88
848.6 527367.60 136437.15 25.87
849.8 522765.60 134980.50 25.82
851.0 517144.50 133311.75 25.78
852.2 511716.80 131601.40 25.72
853.4 510255.00 131272.50 25.73
854.6 510238.00 131311.25 25.74
855.8 511394.00 131539.20 25.72
857.0 515128.90 132502.70 25.72
858.2 520089.90 133734.80 25.71
859.4 524023.40 134547.80 25.68
860.6 526389.60 134988.60 25.64
861.8 526861.45 134809.75 25.59
863.0 525308.50 134210.75 25.55
864.1 521966.70 133032.75 25.49
865.3 520143.05 132449.95 25.46
866.5 518688.60 131929.80 25.44
867.7 517704.00 131546.00 25.41
868.9 518409.25 131523.75 25.37
870.0 519944.35 132005.45 25.39
871.2 521172.80 132444.00 25.41
872.4 522020.10 132184.85 25.32
873.6 522195.80 132001.80 25.28
874.7 522515.20 131936.00 25.25
875.9 523371.20 131841.60 25.19
877.1 523848.90 131892.40 25.18
878.2 523905.00 131536.40 25.11
879.4 523242.30 131182.10 25.07
880.6 521348.70 130681.80 25.07
881.7 517484.75 129686.30 25.06
882.9 513110.40 128561.40 25.06
884.0 508817.15 127527.05 25.06
885.2 505322.25 126801.00 25.09
886.4 501604.20 125911.70 25.10
887.5 496984.90 124907.50 25.13
888.7 493061.40 123895.20 25.13
889.8 487641.60 122358.60 25.09
891.0 480130.20 120258.60 25.05
892.1 469687.05 117611.95 25.04
893.3 455588.00 113743.50 24.97
894.4 438791.50 109310.25 24.91
895.5 420985.00 104698.50 24.87
896.7 402900.00 100172.00 24.86
897.8 387782.40 96467.25 24.88
899.0 377105.85 93833.85 24.88
900.1 371571.20 92568.00 24.91
901.2 370679.40 93038.40 25.10
902.4 371925.00 93725.10 25.20
903.5 372629.40 93823.95 25.18
904.6 371443.35 93323.25 25.12
905.8 368310.15 92628.90 25.15
906.9 363498.60 91131.60 25.07
908.0 356899.00 89268.00 25.01
909.2 351798.20 87774.70 24.95
910.3 346842.40 86534.00 24.95
911.4 342528.00 85453.60 24.95
912.5 338948.20 84466.90 24.92
913.6 335775.00 83853.00 24.97
914.8 333609.00 82946.50 24.86
915.9 333518.90 82923.10 24.86
917.0 336441.30 84019.00 24.97
918.1 340620.50 85246.20 25.03
919.2 344132.00 86078.40 25.01
920.3 348509.70 87036.95 24.97
921.5 351072.50 87903.50 25.04
922.6 351404.70 87806.10 24.99
923.7 349074.00 86952.80 24.91
924.8 343045.00 85219.60 24.84
925.9 331050.80 81857.20 24.73
927.0 314245.75 77607.25 24.70
928.1 292605.30 71964.10 24.59
929.2 266437.50 65047.50 24.41
930.3 237853.50 57566.10 24.20
931.4 210055.30 50368.50 23.98
932.5 185188.80 44603.40 24.09
933.5 165490.00 39710.00 24.00
934.6 151143.35 36681.55 24.27
935.7 143208.90 34929.00 24.39
936.8 143299.00 35530.30 24.79
937.9 145772.40 36343.80 24.93
939.0 148485.60 37423.20 25.20
940.1 152184.00 38556.00 25.34
941.1 155212.50 39320.50 25.33
942.2 155758.20 39097.20 25.10
943.3 155682.80 38920.70 25.00
944.4 155584.00 38732.80 24.90
945.4 155900.80 38975.20 25.00
946.5 157745.00 39436.25 25.00
947.6 158791.80 39755.40 25.04
948.7 161866.75 40759.50 25.18
949.7 162724.95 40621.50 24.96
950.8 165011.60 41008.80 24.85
951.9 167529.60 41882.40 25.00
952.9 169918.25 42288.50 24.89
954.0 172550.30 43007.25 24.92
955.0 177055.60 44263.90 25.00
956.1 181711.25 45359.50 24.96
957.1 185146.10 46216.50 24.96
958.2 190954.75 47666.90 24.96
959.2 197945.00 49265.00 24.89
960.3 203985.60 50996.40 25.00
961.4 212058.00 52702.65 24.85
962.4 220527.00 54891.00 24.89
963.4 230167.20 57541.80 25.00
964.5 241122.35 59683.75 24.75
965.5 254920.40 63378.00 24.86
966.6 270191.95 66911.60 24.76
967.6 284180.40 70293.30 24.74
968.6 299607.00 74318.10 24.81
969.7 312192.90 77846.55 24.94
970.7 322889.00 79885.75 24.74
971.7 329627.15 81432.20 24.70
972.8 334279.20 82221.90 24.60
973.8 336743.05 82200.80 24.41
974.8 338805.30 82399.00 24.32
975.8 341038.75 82615.00 24.22
976.9 344202.30 84347.90 24.51
977.9 347614.30 84451.75 24.29
978.9 352953.90 85684.95 24.28
979.9 357782.40 86788.80 24.26
980.9 362732.00 87916.40 24.24
981.9 369943.55 89761.00 24.26
982.9 375000.45 91577.65 24.42
983.9 383751.00 92967.00 24.23
984.9 390754.50 94395.75 24.16
985.9 397436.00 95537.50 24.04
986.9 403326.00 97630.50 24.21
987.9 409529.60 99025.60 24.18
988.9 415407.20 100331.40 24.15
989.9 419269.00 101585.00 24.23
990.9 423486.80 101986.50 24.08
991.9 426278.25 103247.25 24.22
992.9 430720.50 104711.50 24.31
993.9 434378.10 103749.10 23.88
994.9 436915.90 105004.65 24.03
995.9 440051.85 105201.90 23.91
996.8 444745.50 106411.50 23.93
997.8 446102.10 104965.20 23.53
998.8 449424.00 106114.00 23.61
999.8 451059.20 107315.20 23.79
1000.7 454134.30 104939.40 23.11
1001.7 456062.55 105696.90 23.18
1002.6 457638.25 108556.05 23.72
1003.6 461161.80 109467.70 23.74
1004.6 464227.40 107129.40 23.08
1005.5 469019.50 109531.50 23.35
1006.5 474832.80 109336.50 23.03
1007.5 479336.10 111150.40 23.19
1008.4 489138.30 108697.40 22.22
1009.4 488751.20 113460.10 23.21
1010.3 501896.10 108252.10 21.57
1011.2 511699.40 116800.95 22.83
1012.2 518285.10 120090.45 23.17
1013.1 531904.60 115006.40 21.62
1014.0 533581.30 119458.50 22.39
988.9 303668.45 64635.31 21.28
992.7 309134.63 65640.02 21.23
996.6 316043.99 66909.20 21.17
1000.4 319430.67 67360.35 21.09
1004.3 320861.45 67206.61 20.95
1008.1 322135.13 66891.52 20.77
1012.0 326197.97 66953.95 20.53
1015.8 331594.25 67279.39 20.29
1019.6 338243.84 67998.27 20.10
1023.5 346574.00 69143.98 19.95
1027.3 354250.72 70177.96 19.81
1031.2 359625.35 70752.68 19.67
1035.0 362179.81 70947.16 19.59
1038.8 362867.93 70959.35 19.56
1042.7 362761.70 70839.87 19.53
1046.5 361918.80 70635.71 19.52
1050.3 360734.98 70425.31 19.52
1054.2 358659.56 70080.50 19.54
1058.0 354925.99 69457.66 19.57
1061.8 349733.42 68563.66 19.60
1065.6 343827.75 67545.00 19.65
1069.5 337222.65 66281.49 19.66
1073.3 330650.50 65001.60 19.66
1077.1 324480.75 63769.50 19.65
1080.9 318397.71 62592.52 19.66
1084.7 311866.20 61355.88 19.67
1088.5 304075.20 59868.60 19.69
1092.3 294416.40 58128.13 19.74
1096.2 282653.74 55962.17 19.80
1100.0 267756.30 53244.07 19.89
1103.8 248228.40 49567.98 19.97
1107.6 223560.00 44657.58 19.98
1111.4 194890.46 38949.29 19.99
1115.2 165142.25 33027.21 20.00
1119.0 136684.76 27371.51 20.03
1122.8 112578.08 22609.00 20.08
1126.6 95648.18 19314.52 20.19
1130.4 86653.09 17642.28 20.36
1134.2 83630.11 17109.47 20.46
1138.0 83769.22 17145.57 20.47
1141.8 86067.15 17618.82 20.47
1145.6 90440.08 18552.57 20.51
1149.4 97366.89 19967.13 20.51
1153.2 107809.28 22127.27 20.52
1156.9 121959.24 25032.67 20.53
1160.7 139051.50 28448.44 20.46
1164.5 156993.69 32020.77 20.40
1168.3 173453.00 35265.36 20.33
1172.1 186904.88 37892.41 20.27
1175.8 196803.75 39816.56 20.23
1179.6 203926.75 41201.31 20.20
1183.4 208974.77 42195.40 20.19
1187.2 212512.30 42842.32 20.16
1190.9 214772.51 43218.60 20.12
1194.7 216271.21 43438.11 20.09
1198.5 217324.20 43619.57 20.07
1202.2 217987.96 43710.37 20.05
1206.0 218770.39 43814.68 20.03
1209.8 220226.93 44077.98 20.01
1213.5 222519.30 44445.15 19.97
1217.3 225451.88 44954.74 19.94
1221.0 228834.59 45546.54 19.90
1224.8 232284.70 46181.03 19.88
1228.5 235595.25 46801.75 19.87
1232.3 238348.08 47272.14 19.83
1236.0 240381.91 47639.18 19.82
1239.8 241396.35 47724.94 19.77
1243.5 241128.56 47643.91 19.76
1247.3 239464.56 47336.36 19.77
1251.0 236151.71 46677.08 19.77
1254.8 231216.30 45755.13 19.79
1258.5 225259.93 44551.24 19.78
1262.2 219374.00 43457.75 19.81
1266.0 214518.94 42535.06 19.83
1269.7 211039.06 41845.23 19.83
1273.4 209197.01 41550.82 19.86
1277.2 208942.80 41436.45 19.83
1280.9 209299.05 41439.49 19.80
1284.6 209216.58 41435.98 19.81
1288.3 208094.23 41191.35 19.79
1292.1 205323.32 40646.11 19.80
1295.8 201002.63 39853.97 19.83
1299.5 194992.93 38715.94 19.86
1303.2 187640.12 37333.83 19.90
1306.9 179342.48 35801.82 19.96
1310.6 170840.99 34253.06 20.05
1314.3 162079.50 32659.86 20.15
1318.0 152513.33 30819.77 20.21
1321.8 142144.75 28745.66 20.22
1325.5 131309.24 26592.73 20.25
1329.2 120284.79 24400.34 20.29
1332.8 108385.84 21996.73 20.29
1336.5 95155.78 19308.93 20.29
1340.2 80985.13 16425.50 20.28
1343.9 66474.00 13456.37 20.24
1347.6 52111.33 10524.11 20.20
1351.3 38688.38 7824.05 20.22
1355.0 27351.78 5547.47 20.28
1358.7 18794.91 3816.97 20.31
1362.3 13052.81 2649.61 20.30
1366.0 9424.99 1911.22 20.28
1369.7 7184.85 1461.39 20.34
1373.4 5897.69 1204.57 20.42
1377.1 5141.40 1061.98 20.66
1380.7 4660.15 968.24 20.78
1384.4 4455.25 937.33 21.04
1388.1 4414.80 939.90 21.29
1391.7 4462.85 964.10 21.60
1395.4 4650.00 1026.88 22.08
1399.0 4974.90 1131.71 22.75
1402.7 5429.60 1260.99 23.22
1406.4 5984.90 1399.82 23.39
1410.0 6568.39 1545.73 23.53
1413.7 7324.45 1708.01 23.32
1417.3 8304.35 1899.56 22.87
1421.0 9359.76 2106.33 22.50
1424.6 10404.00 2298.83 22.10
1428.2 11482.10 2496.44 21.74
1431.9 12673.78 2731.68 21.55
1435.5 13925.69 2981.33 21.41
1439.2 15494.46 3297.75 21.28
1442.8 17876.98 3783.73 21.17
1446.4 21238.83 4473.74 21.06
1450.0 25403.95 5325.41 20.96
1453.7 29487.85 6149.61 20.85
1457.3 32685.13 6776.00 20.73
1460.9 34815.48 7200.85 20.68
1464.5 35965.11 7440.27 20.69
1468.1 36450.51 7538.87 20.68
1471.8 36935.25 7641.91 20.69
1475.4 38377.50 7942.64 20.70
1479.0 41567.31 8602.33 20.69
1482.6 46723.33 9668.32 20.69
1486.2 53887.28 11140.16 20.67
1489.8 62153.16 12829.30 20.64
1493.4 71087.56 14642.48 20.60
1497.0 80206.95 16488.39 20.56
1500.6 89079.75 18278.79 20.52
1504.2 97059.60 19895.29 20.50
1507.7 103947.43 21299.48 20.49
1511.3 110033.51 22517.34 20.46
1514.9 115534.60 23597.88 20.42
1518.5 120412.50 24584.96 20.42
1522.1 124453.20 25407.90 20.42
1525.7 127899.25 26091.74 20.40
1529.2 130748.05 26655.57 20.39
1532.8 133037.72 27105.23 20.37
1536.4 134856.75 27451.81 20.36
1539.9 136229.68 27711.13 20.34
1543.5 137160.48 27876.30 20.32
1547.0 137690.90 27963.58 20.31
1550.6 137871.44 27989.08 20.30
1554.2 137683.13 27943.33 20.30
1557.7 137156.13 27813.63 20.28
1561.3 136008.76 27563.09 20.27
1564.8 134333.33 27198.08 20.25
1568.4 132294.66 26767.68 20.23
1571.9 130251.73 26331.31 20.22
1575.5 128574.68 25966.69 20.20
1579.0 127389.99 25692.86 20.17
1582.5 126739.23 25531.38 20.14
1586.0 126431.18 25448.15 20.13
1589.6 126108.19 25370.11 20.12
1593.1 125405.25 25231.44 20.12
1596.6 124553.28 25056.28 20.12
1600.2 123611.93 24853.69 20.11
1603.7 122815.55 24686.21 20.10
1607.2 122158.21 24544.30 20.09
1610.7 121673.44 24445.16 20.09
1614.2 121536.98 24417.47 20.09
1617.7 121666.76 24425.83 20.08
1621.2 121820.85 24437.14 20.06
1624.7 121749.22 24410.20 20.05
1628.2 121284.97 24311.12 20.04
1631.7 120406.70 24133.10 20.04
1635.2 119309.21 23893.37 20.03
1638.7 118118.00 23639.83 20.01
1642.2 116882.76 23394.52 20.02
1645.7 115872.25 23182.66 20.01
1649.2 114996.28 22997.61 20.00
1652.6 114274.13 22842.42 19.99
1656.1 113517.84 22683.66 19.98
1659.6 112768.98 22539.65 19.99
1663.1 111931.88 22382.20 20.00
1666.5 110858.21 22164.10 19.99
1670.0 109694.39 21919.55 19.98
1673.5 108708.94 21714.94 19.98
1676.9 107876.74 21540.16 19.97
1680.4 106997.25 21366.73 19.97
1683.8 106031.15 21178.47 19.97
1687.3 105137.69 21002.24 19.98
1690.7 104207.96 20797.70 19.96
1694.2 103174.65 20581.54 19.95
1697.6 102109.11 20375.80 19.95
1701.1 100881.86 20138.79 19.96
1704.5 99699.60 19917.67 19.98
1707.9 98557.40 19688.25 19.98
1711.4 97278.43 19434.92 19.98
1714.8 95788.07 19145.45 19.99
1718.2 94247.45 18824.19 19.97
1721.6 92590.56 18499.73 19.98
1725.1 90656.83 18129.61 20.00
1728.5 88651.91 17709.30 19.98
1731.9 86705.21 17304.83 19.96
1735.3 84718.89 16902.15 19.95
1738.7 82929.06 16538.82 19.94
1742.1 81232.01 16189.78 19.93
1745.5 79752.94 15887.80 19.92
1748.9 78293.33 15609.00 19.94
1752.3 76681.91 15279.46 19.93
1755.7 74906.97 14918.90 19.92
1759.1 72830.55 14508.65 19.92
1762.5 70274.93 13993.59 19.91
1765.8 67209.45 13381.09 19.91
1769.2 63641.74 12662.85 19.90
1772.6 59743.81 11873.10 19.87
1776.0 55650.30 11071.50 19.89
1779.3 51396.64 10227.91 19.90
1782.7 46955.63 9330.10 19.87
1786.1 42323.74 8392.26 19.83
1789.4 37493.27 7435.14 19.83
1792.8 32488.71 6442.37 19.83
1796.1 27411.50 5440.06 19.85
1799.5 22544.60 4472.16 19.84
1802.8 18072.34 3580.37 19.81
1806.2 14278.13 2831.83 19.83
1809.5 11268.31 2224.01 19.74
1812.9 8829.13 1732.24 19.62
1816.2 6960.53 1364.15 19.60
1819.5 5597.57 1104.02 19.72
1822.9 4549.84 904.13 19.87
1826.2 3835.34 759.28 19.80
1829.5 3319.25 658.97 19.85
1832.8 2923.19 583.66 19.97
1836.1 2757.13 546.50 19.82
1839.5 2584.79 517.95 20.04
1842.8 2328.29 473.55 20.34
1846.1 2209.90 443.95 20.09
1849.4 2177.31 435.46 20.00
1852.7 2047.77 407.57 19.90
1856.0 1922.40 385.48 20.05
1859.3 1913.66 387.77 20.26
1862.5 1891.39 381.33 20.16
1865.8 1881.00 376.20 20.00
1869.1 1822.80 358.05 19.64
1872.4 1788.00 352.01 19.69
1875.7 1872.16 359.59 19.21
1878.9 1904.01 376.10 19.75
1882.2 1877.20 389.03 20.72
1885.5 1991.72 411.62 20.67
1888.7 2205.43 442.54 20.07
1892.0 2346.95 474.21 20.21
1895.2 2555.11 503.83 19.72
1898.5 2896.20 573.21 19.79
1901.8 3210.30 635.37 19.79
1905.0 3451.93 692.82 20.07
1870.5 8868.30 1604.74 18.10
1873.3 6674.68 1334.94 20.00
1876.1 4819.55 1383.83 28.71
1878.8 3270.00 835.67 25.56
1881.6 2734.22 414.28 15.15
1884.4 2306.70 384.45 16.67
1887.2 1925.52 323.76 16.81
1890.0 1618.20 306.90 18.97
1892.8 1324.55 257.88 19.47
1895.5 1186.58 223.12 18.80
1898.3 1094.04 198.92 18.18
1901.1 1030.63 189.64 18.40
1903.8 945.09 175.30 18.55
1906.6 855.80 128.37 15.00
1909.3 885.56 169.00 19.08
1912.1 901.65 188.11 20.86
1914.9 884.78 163.15 18.44
1917.6 888.41 152.13 17.12
1920.4 921.44 171.29 18.59
1923.1 963.48 206.46 21.43
1925.9 1013.23 203.75 20.11
1928.6 1131.12 198.99 17.59
1931.4 1293.50 258.70 20.00
1934.1 1523.48 306.58 20.12
1936.8 1829.97 370.46 20.24
1939.6 2203.25 440.65 20.00
1942.3 2734.29 537.51 19.66
1945.0 3308.45 660.96 19.98
1947.8 3891.20 764.59 19.65
1950.5 4520.88 891.94 19.73
1953.2 5332.41 1053.58 19.76
1955.9 6442.95 1263.09 19.60
1958.7 8047.13 1572.63 19.54
1961.4 10263.50 1994.36 19.43
1964.1 12986.23 2510.08 19.33
1966.8 16217.58 3117.93 19.23
1969.5 19910.26 3827.55 19.22
1972.2 23861.00 4579.60 19.19
1974.9 27912.90 5360.60 19.20
1977.6 31914.29 6147.77 19.26
1980.3 35637.37 6873.39 19.29
1983.0 38905.31 7509.16 19.30
1985.7 41427.47 7991.96 19.29
1988.4 43022.49 8316.07 19.33
1991.1 43003.20 8326.60 19.36
1993.8 41888.01 8118.81 19.38
1996.5 39777.96 7712.65 19.39
1999.1 36654.94 7142.73 19.49
2001.8 33332.40 6503.63 19.51
2004.5 29973.13 5847.14 19.51
2007.2 26977.44 5250.19 19.46
2009.8 24656.80 4766.72 19.33
2012.5 23451.53 4520.24 19.27
2015.2 23590.33 4551.24 19.29
2017.8 24590.69 4723.12 19.21
2020.5 26939.09 5202.14 19.31
2023.2 30629.42 5973.43 19.50
2025.8 34473.40 6718.40 19.49
2028.5 38763.04 7587.46 19.57
2031.2 43088.58 8452.08 19.62
2033.8 46805.15 9190.97 19.64
2036.5 49721.76 9793.68 19.70
2039.1 51765.20 10217.94 19.74
2041.7 52512.92 10372.64 19.75
2044.4 52304.57 10344.74 19.78
2047.0 51759.80 10238.88 19.78
2049.7 50412.35 9978.67 19.79
2052.3 48640.10 9636.71 19.81
2054.9 46716.90 9252.86 19.81
2057.6 45005.03 8906.31 19.79
2060.2 43658.87 8626.10 19.76
2062.8 42727.01 8442.11 19.76
2065.4 42382.64 8383.04 19.78
2068.1 42622.12 8435.39 19.79
2070.7 43274.12 8579.93 19.83
2073.3 44312.39 8797.67 19.85
2075.9 45604.42 9059.56 19.87
2078.5 46987.55 9339.61 19.88
2081.1 48484.66 9646.72 19.90
2083.7 49821.79 9940.56 19.95
2086.3 50783.10 10128.15 19.94
2088.9 51572.54 10275.68 19.92
2091.6 52131.68 10393.23 19.94
2094.1 52413.00 10455.75 19.95
2096.7 52470.78 10477.68 19.97
2099.3 52394.93 10453.17 19.95
2101.9 52408.08 10452.17 19.94
2104.5 52414.55 10443.23 19.92
2107.1 52284.29 10390.64 19.87
2109.7 52195.60 10373.68 19.87
2112.3 52126.05 10365.30 19.89
2114.8 52048.92 10338.52 19.86
2117.4 51985.36 10334.20 19.88
2120.0 51978.39 10348.89 19.91
2122.6 52008.00 10352.00 19.90
2125.1 51997.52 10327.10 19.86
2127.7 52095.94 10345.66 19.86
2130.3 52146.25 10372.92 19.89
2132.8 52092.71 10346.87 19.86
2135.4 51998.45 10322.30 19.85
2137.9 51896.63 10269.93 19.79
2140.5 51658.55 10200.04 19.75
2143.0 51448.18 10157.59 19.74
2145.6 50910.07 10025.22 19.69
2148.1 50292.23 9893.60 19.67
2150.7 49634.78 9736.60 19.62
2153.2 48997.73 9594.00 19.58
2155.8 48205.25 9390.35 19.48
2158.3 47389.66 9196.51 19.41
2160.8 46567.77 9033.02 19.40
2163.4 45882.41 8883.08 19.36
2165.9 45284.98 8731.71 19.28
2168.4 44847.68 8616.07 19.21
2171.0 44476.46 8548.82 19.22
2173.5 44159.04 8427.77 19.09
2176.0 43866.32 8338.56 19.01
2178.5 43618.41 8291.42 19.01
2181.1 43356.82 8205.63 18.93
2183.6 43032.60 8129.70 18.89
2186.1 42711.95 8069.02 18.89
2188.6 42330.55 7939.18 18.76
2191.1 41903.33 7827.08 18.68
2193.6 41556.67 7770.21 18.70
2196.1 41311.36 7705.76 18.65
2198.6 41129.63 7672.07 18.65
2201.1 41013.67 7636.93 18.62
2203.6 40872.77 7594.42 18.58
2206.1 40771.36 7533.12 18.48
2208.6 40811.40 7512.51 18.41
2211.1 40858.65 7480.34 18.31
2213.6 40913.22 7475.52 18.27
2216.0 41098.31 7542.00 18.35
2218.5 41109.60 7509.60 18.27
2221.0 41088.73 7478.59 18.20
2223.5 41049.33 7477.17 18.22
2225.9 40960.20 7444.20 18.17
2228.4 40969.23 7426.95 18.13
2230.9 40911.31 7421.76 18.14
2233.3 40561.47 7331.12 18.07
2235.8 40332.30 7281.74 18.05
2238.3 40231.80 7273.84 18.08
2240.7 39932.74 7196.13 18.02
2243.2 39564.36 7132.41 18.03
2245.7 39229.22 7070.43 18.02
2248.1 38825.43 6985.12 17.99
2250.6 38416.56 6912.87 17.99
2253.0 38077.60 6849.33 17.99
2255.4 37604.03 6746.12 17.94
2257.9 37139.40 6670.43 17.96
2260.3 36724.44 6610.16 18.00
2262.8 36286.64 6517.92 17.96
2265.2 35956.56 6460.74 17.97
2267.6 35658.35 6405.18 17.96
2270.1 35382.33 6327.65 17.88
2272.5 35197.24 6295.49 17.89
2274.9 34951.16 6274.44 17.95
2277.3 34680.65 6205.69 17.89
2279.8 34506.43 6157.32 17.84
2282.2 34303.35 6142.70 17.91
2284.6 34046.30 6100.09 17.92
2287.0 33790.01 6043.52 17.89
2289.4 33450.42 5980.62 17.88
2291.8 33117.58 5934.60 17.92
2294.3 32876.52 5899.62 17.94
2296.7 32686.96 5866.15 17.95
2299.1 32497.98 5828.60 17.94
2301.5 32435.66 5820.46 17.94
2303.9 32373.92 5813.71 17.96
2306.3 32317.84 5779.36 17.88
2308.7 31905.09 5683.27 17.81
2311.0 31621.79 5652.08 17.87
2313.4 31511.20 5643.55 17.91
2315.8 31071.88 5570.96 17.93
2318.2 30555.77 5444.82 17.82
2320.6 29847.58 5337.77 17.88
2323.0 29465.88 5285.01 17.94
2325.3 29463.04 5260.29 17.85
2327.7 29318.20 5239.40 17.87
2330.1 29069.09 5181.54 17.82
2332.5 28792.25 5155.75 17.91
2334.8 28232.30 5036.70 17.84
2337.2 27619.76 4926.08 17.84
2339.6 26959.83 4821.89 17.89
2341.9 26199.27 4688.44 17.90
2344.3 25403.04 4538.60 17.87
2346.6 24453.09 4340.97 17.75
2349.0 23839.50 4234.58 17.76
2351.3 23232.69 4141.80 17.83
2353.7 22840.75 4068.78 17.81
2356.0 22790.52 4061.16 17.82
2358.4 22487.08 3991.21 17.75
2360.7 22251.91 3943.42 17.72
2363.1 21910.00 3867.50 17.65
2365.4 21411.71 3790.71 17.70
2367.7 20833.47 3685.41 17.69
2370.1 20220.48 3568.32 17.65
2372.4 19631.18 3483.65 17.75
2374.7 18847.08 3316.61 17.60
2377.0 18322.33 3208.33 17.51
2379.3 17911.38 3163.18 17.66
2381.7 17444.01 3063.75 17.56
2384.0 17101.72 2994.55 17.51
2386.3 16885.32 2963.77 17.55
2388.6 16803.67 2946.37 17.53
2390.9 16809.51 2953.48 17.57
2393.2 16917.78 2966.50 17.53
2395.5 16944.75 2960.55 17.47
2397.8 16722.99 2898.96 17.34
2400.2 16445.58 2836.91 17.25
2402.4 16216.80 2838.72 17.50
2404.7 15815.54 2763.92 17.48
2407.0 15200.09 2631.32 17.31
2409.3 14519.61 2509.71 17.28
2411.6 13815.49 2379.76 17.23
2413.9 13151.48 2288.28 17.40
2416.2 12746.17 2216.19 17.39
2418.5 12618.74 2185.53 17.32
2420.8 12583.38 2183.86 17.36
2423.0 12653.11 2175.02 17.19
2425.3 12917.90 2216.93 17.16
2427.6 13096.57 2235.16 17.07
2429.8 13064.35 2233.26 17.09
2432.1 12917.91 2221.16 17.19
2434.4 12915.96 2228.88 17.26
2436.6 12811.02 2190.30 17.10
2438.9 12371.05 2094.19 16.93
2441.2 11739.00 1983.80 16.90
2443.4 11141.55 1875.27 16.83
2445.7 10598.07 1796.44 16.95
2447.9 10006.43 1702.73 17.02
2450.2 9429.42 1591.98 16.88
2452.4 9116.89 1530.57 16.79
2454.7 9024.19 1505.63 16.68
2456.9 9003.36 1493.29 16.59
2459.1 9021.52 1506.86 16.70
2461.4 9016.99 1515.21 16.80
2463.6 8976.02 1498.50 16.69
2465.8 8638.35 1409.42 16.32
2468.1 8083.68 1326.87 16.41
2470.3 7592.00 1263.60 16.64
2472.5 7065.75 1159.97 16.42
2474.8 6496.75 1046.31 16.11
2477.0 5849.58 954.38 16.32
2479.2 5107.21 834.94 16.35
2481.4 4448.04 715.65 16.09
2483.6 3815.14 594.21 15.57
2485.8 3206.06 510.06 15.91
2488.0 2700.63 429.13 15.89
2490.2 2291.26 351.60 15.35
2492.4 2023.00 333.20 16.47
2494.7 1861.86 296.21 15.91
2496.8 1744.70 258.93 14.84
2499.0 1674.36 240.10 14.34
2501.2 1629.83 220.77 13.55
2503.4 1600.50 254.47 15.90
2505.6 1596.04 285.25 17.87
