/*** Spectra Vista SIG Data ***/
name= \My Documents\varunmtech14\water1.
instrument= HR: 1031044
integration= 10, 19.2, 30, 70, 60, 30
scan time= 1, 1
scan settings= AD, AI, AD, AI
external data set1= 8224, 8224, 8224, 8224, 8224, 8224, 8224, 8224, 8224, 8224, 8224, 8224, 8224, 8224, 8224, 8224
external data set2= 8224, 8224, 8224, 8224, 8224, 8224, 8224, 8224, 8224, 8224, 8224, 8224, 8224, 8224, 8224, 8224
external data dark= 0,0,0,0,0,0,0,0
external data mask= 0
optic= LENS 4, LENS 4
temp= 39.75, 9.08, -5.03, 40.31, 9.01, -5.10
battery= 7.8, 7.8
error= 0, 0
units= Radiance, Radiance
time= 1/2/08 07:45:06 AM, 1/2/08 07:45:44 AM
longitude= , 
latitude= , 
gpstime= , 
comm= 
memory slot= 0, 0
factors= 
data= 
341.6 95693.40 5005.61 5.23
343.1 99955.40 5199.79 5.20
344.7 103439.65 5411.96 5.23
346.3 106692.25 5555.01 5.21
347.9 110561.40 5776.97 5.23
349.5 117811.40 6169.70 5.24
351.1 127941.75 6720.11 5.25
352.6 136621.10 7212.41 5.28
354.2 144050.00 7629.43 5.30
355.8 148523.90 7883.41 5.31
357.4 150917.00 8049.76 5.33
358.9 149576.55 7969.19 5.33
360.5 150636.60 8075.46 5.36
362.1 156481.60 8420.34 5.38
363.6 165838.00 8936.50 5.39
365.2 180028.80 9776.00 5.43
366.8 199452.50 10912.79 5.47
368.3 215422.95 11844.99 5.50
369.9 222983.80 12365.04 5.55
371.5 225121.45 12568.51 5.58
373.0 224940.30 12670.54 5.63
374.6 222108.00 12580.43 5.66
376.1 219799.30 12575.15 5.72
377.7 216707.40 12515.66 5.78
379.3 216420.75 12619.29 5.83
380.8 227779.20 13435.03 5.90
382.4 243527.70 14516.64 5.96
383.9 247600.35 14936.25 6.03
385.5 243189.60 14821.03 6.09
387.0 240822.40 14838.74 6.16
388.6 247639.80 15400.54 6.22
390.1 251579.20 15830.40 6.29
391.7 247195.65 15698.34 6.35
393.2 239145.80 15347.60 6.42
394.8 241908.00 15707.57 6.49
396.3 258372.30 16947.36 6.56
397.9 287584.05 19029.79 6.62
399.4 326322.00 21769.71 6.67
401.0 370333.80 24895.91 6.72
402.5 409003.00 27718.50 6.78
404.1 438961.05 29976.00 6.83
405.6 454536.70 31258.99 6.88
407.1 461855.25 31998.36 6.93
408.7 462544.95 32273.70 6.98
410.2 456201.00 32070.94 7.03
411.7 445676.40 31567.03 7.08
413.3 438213.75 31248.75 7.13
414.8 435994.90 31330.37 7.19
416.4 440626.45 31917.13 7.24
417.9 448758.00 32754.23 7.30
419.4 462726.80 34045.37 7.36
420.9 482159.25 35769.96 7.42
422.5 502563.75 37579.29 7.48
424.0 514397.10 38815.35 7.55
425.5 512582.00 39033.60 7.62
427.1 500195.20 38431.20 7.68
428.6 483326.75 37494.26 7.76
430.1 467097.10 36609.50 7.84
431.6 456493.20 36186.26 7.93
433.2 453564.00 36340.37 8.01
434.7 457338.75 37030.71 8.10
436.2 466682.50 38173.43 8.18
437.8 480957.05 39708.70 8.26
439.3 497431.75 41444.11 8.33
440.8 517866.75 43550.36 8.41
442.3 541545.40 45906.06 8.48
443.8 566514.00 48425.76 8.55
445.4 591005.70 50895.58 8.61
446.9 611829.00 53042.50 8.67
448.4 628895.25 54881.23 8.73
449.9 639275.00 56108.00 8.78
451.4 642797.65 56729.91 8.83
452.9 638874.35 56681.95 8.87
454.5 632603.40 56370.60 8.91
456.0 624705.15 55890.90 8.95
457.5 618115.20 55527.69 8.98
459.0 613757.20 55328.40 9.01
460.5 609295.80 55098.91 9.04
462.0 605109.60 54896.21 9.07
463.6 604252.25 54957.50 9.10
465.1 611650.65 55786.71 9.12
466.6 632869.30 57883.70 9.15
468.1 656964.00 60269.14 9.17
469.6 666427.30 61299.80 9.20
471.1 667176.90 61553.33 9.23
472.6 670464.00 62032.46 9.25
474.1 677376.50 62856.07 9.28
475.6 683145.00 63566.16 9.30
477.1 683754.50 63832.76 9.34
478.6 680182.00 63708.43 9.37
480.1 673203.40 63256.96 9.40
481.6 658837.50 62142.86 9.43
483.1 639996.50 60596.25 9.47
484.7 621590.55 59102.10 9.51
486.2 607207.70 58015.41 9.55
487.7 598170.65 57394.56 9.60
489.2 597604.35 57623.02 9.64
490.7 606355.20 58742.36 9.69
492.2 621268.05 60480.36 9.73
493.7 637518.40 62359.09 9.78
495.2 652656.25 64156.25 9.83
496.7 664092.00 65591.89 9.88
498.1 671902.45 66685.71 9.92
499.6 676027.50 67413.00 9.97
501.1 677742.15 67897.97 10.02
502.6 677218.70 68179.47 10.07
504.1 674658.60 68265.69 10.12
505.6 670609.80 68180.40 10.17
507.1 666576.35 68086.74 10.21
508.6 659850.00 67708.93 10.26
510.1 650292.80 67018.06 10.31
511.6 639874.05 66219.90 10.35
513.1 626605.00 65130.00 10.39
514.6 615164.00 64210.30 10.44
516.1 604703.90 63405.41 10.49
517.5 594289.15 62630.75 10.54
519.0 588009.60 62271.00 10.59
520.5 587233.00 62497.11 10.64
522.0 593286.40 63451.60 10.69
523.5 603061.20 64795.95 10.74
525.0 614004.30 66278.25 10.79
526.5 626980.00 67973.21 10.84
528.0 641005.50 69797.00 10.89
529.4 654652.00 71587.86 10.94
530.9 668014.10 73331.16 10.98
532.4 679437.00 74881.71 11.02
533.9 686507.00 75956.71 11.06
535.4 688299.85 76421.65 11.10
536.8 684723.00 76283.74 11.14
538.3 677335.20 75706.86 11.18
539.8 668459.00 74963.43 11.21
541.3 657811.80 73973.83 11.25
542.8 648680.90 73154.07 11.28
544.2 640860.15 72457.40 11.31
545.7 635326.90 72000.50 11.33
547.2 630525.20 71585.74 11.35
548.6 626037.00 71221.82 11.38
550.1 622186.60 70908.00 11.40
551.6 620872.70 70868.30 11.41
553.1 619624.00 70843.37 11.43
554.5 618559.90 70852.69 11.45
556.0 618828.00 71004.00 11.47
557.5 620212.50 71273.89 11.49
558.9 623450.10 71761.49 11.51
560.4 628267.80 72429.69 11.53
561.9 636031.20 73414.26 11.54
563.3 643858.80 74402.09 11.56
564.8 651619.20 75351.86 11.56
566.3 656351.95 75949.34 11.57
567.7 657463.95 76102.93 11.58
569.2 657426.60 76095.00 11.57
570.6 655119.55 75793.12 11.57
572.1 652151.50 75391.64 11.56
573.6 648935.10 74959.50 11.55
575.0 645589.70 74459.06 11.53
576.5 642080.15 73931.67 11.51
577.9 639075.45 73401.34 11.49
579.4 635798.65 72823.17 11.45
580.9 632835.55 72226.68 11.41
582.3 630061.00 71608.77 11.37
583.8 625573.35 70780.05 11.31
585.2 617317.20 69515.49 11.26
586.7 606594.00 67917.43 11.20
588.1 593615.40 66072.33 11.13
589.6 582983.25 64458.54 11.06
591.0 574560.05 63066.24 10.98
592.5 570504.75 62101.82 10.89
593.9 569221.10 61404.00 10.79
595.4 571694.40 61043.66 10.68
596.8 575648.80 60773.54 10.56
598.2 579271.60 60388.61 10.42
599.7 584228.75 60120.36 10.29
601.1 591771.20 60098.67 10.16
602.6 599314.50 60128.91 10.03
604.0 608339.20 60367.09 9.92
605.5 616434.50 60616.68 9.83
606.9 623928.20 60893.80 9.76
608.3 629577.30 61104.64 9.71
609.8 633965.40 61243.46 9.66
611.2 637558.25 61363.54 9.62
612.6 639206.70 61321.07 9.59
614.1 641832.60 61395.43 9.57
615.5 643148.10 61354.80 9.54
616.9 643360.20 61191.28 9.51
618.4 639579.40 60617.84 9.48
619.8 628510.50 59343.11 9.44
621.2 614178.80 57783.86 9.41
622.7 599377.60 56179.14 9.37
624.1 587545.20 54879.71 9.34
625.5 577161.10 53728.74 9.31
626.9 570350.55 52907.72 9.28
628.4 565086.60 52260.94 9.25
629.8 561529.15 51761.67 9.22
631.2 561217.60 51560.34 9.19
632.6 562446.30 51562.83 9.17
634.0 562542.00 51511.89 9.16
635.5 563014.00 51518.29 9.15
636.9 562950.00 51434.96 9.14
638.3 563137.20 51368.40 9.12
639.7 563230.50 51254.80 9.10
641.1 564045.30 51172.35 9.07
642.5 563323.20 50880.43 9.03
644.0 562378.20 50568.11 8.99
645.4 561468.35 50283.57 8.96
646.8 558550.20 49873.09 8.93
648.2 556479.00 49497.64 8.89
649.6 555397.00 49204.03 8.86
651.0 554342.40 48899.66 8.82
652.4 553038.20 48554.26 8.78
653.8 552315.30 48204.29 8.73
655.2 550664.80 47715.89 8.67
656.6 547187.20 47020.80 8.59
658.0 547627.50 46610.10 8.51
659.4 552375.75 46599.84 8.44
660.8 558489.75 46712.29 8.36
662.2 567506.80 47126.04 8.30
663.6 574905.60 47396.57 8.24
665.0 579997.20 47552.40 8.20
666.4 581561.40 47416.16 8.15
667.8 580451.40 47086.84 8.11
669.2 576551.95 46565.35 8.08
670.6 571106.25 45899.47 8.04
672.0 565533.90 45263.96 8.00
673.4 559900.60 44645.51 7.97
674.8 555598.40 44108.74 7.94
676.1 551667.20 43628.80 7.91
677.5 548779.70 43211.75 7.87
678.9 546175.95 42866.94 7.85
680.3 543474.00 42478.86 7.82
681.7 539633.90 42009.61 7.78
683.1 530370.00 41127.26 7.75
684.4 517746.90 39984.34 7.72
685.8 505038.60 38833.20 7.69
687.2 491803.20 37623.43 7.65
688.6 480625.25 36552.75 7.61
689.9 472072.70 35639.26 7.55
691.3 467734.40 35061.60 7.50
692.7 467695.20 34770.34 7.43
694.1 469122.50 34567.50 7.37
695.4 471014.40 34378.97 7.30
696.8 473280.50 34177.00 7.22
698.2 476864.85 34036.74 7.14
699.5 481283.10 33943.50 7.05
700.9 487937.00 33970.37 6.96
702.2 496485.00 34060.71 6.86
703.6 505294.40 34103.46 6.75
705.0 511465.50 33910.50 6.63
706.3 512680.35 33326.89 6.50
707.7 508851.80 32368.79 6.36
709.0 502238.40 31203.43 6.21
710.4 495820.30 30035.48 6.06
711.8 489708.00 28894.43 5.90
713.1 482513.50 27685.36 5.74
714.5 472032.00 26341.07 5.58
715.8 458046.75 24826.05 5.42
717.2 443802.00 23286.03 5.25
718.5 430168.55 21785.40 5.06
719.9 417942.80 20339.00 4.87
721.2 409860.10 19136.93 4.67
722.5 405967.80 18120.94 4.46
723.9 404051.70 17242.74 4.27
725.2 401486.40 16329.60 4.07
726.6 398816.55 15469.22 3.88
727.9 397202.40 14615.00 3.68
729.2 399602.40 13856.06 3.47
730.6 405319.80 13209.89 3.26
731.9 412778.80 12646.40 3.06
733.2 422073.60 12152.31 2.88
734.6 431370.50 11724.14 2.72
735.9 439305.55 11331.40 2.58
737.2 445588.00 10995.03 2.47
738.6 450288.40 10670.63 2.37
739.9 454713.60 10446.86 2.30
741.2 458902.50 10245.00 2.23
742.5 462674.80 10139.45 2.19
743.9 466459.00 10056.60 2.16
745.2 468774.15 9947.23 2.12
746.5 470061.50 9874.60 2.10
747.8 470569.95 9785.04 2.08
749.1 470388.90 9690.77 2.06
750.4 469887.60 9632.10 2.05
751.8 469106.25 9561.54 2.04
753.1 468080.70 9490.86 2.03
754.4 465309.00 9381.29 2.02
755.7 453936.00 9126.14 2.01
757.0 432001.80 8667.00 2.01
758.3 402341.40 8082.32 2.01
759.6 367694.80 7391.37 2.01
760.9 334763.80 6741.47 2.01
762.2 308858.60 6235.03 2.02
763.5 299196.50 6019.75 2.01
764.8 306379.75 6142.70 2.00
766.1 325084.05 6487.01 2.00
767.4 348910.00 6911.43 1.98
768.7 372963.00 7371.86 1.98
770.0 395045.15 7799.72 1.97
771.3 413253.55 8159.72 1.97
772.6 428401.75 8475.64 1.98
773.9 440994.00 8736.82 1.98
775.2 453435.00 9006.00 1.99
776.5 466621.00 9301.61 1.99
777.7 482527.50 9700.60 2.01
779.0 495157.20 9987.04 2.02
780.3 494647.30 10066.70 2.04
781.6 479944.00 9811.43 2.04
782.9 462039.00 9480.63 2.05
784.1 450165.60 9312.69 2.07
785.4 444576.10 9271.59 2.09
786.7 440966.90 9271.59 2.10
788.0 438242.40 9294.17 2.12
789.2 436628.55 9326.83 2.14
790.5 436024.30 9397.65 2.16
791.8 436257.50 9506.00 2.18
793.0 436690.50 9586.18 2.20
794.3 436661.00 9662.11 2.21
795.6 436176.00 9750.86 2.24
796.9 435702.40 9846.09 2.26
798.1 434812.40 9927.03 2.28
799.4 433744.35 10001.85 2.31
800.6 432076.85 10055.55 2.33
801.9 431113.60 10086.46 2.34
803.1 431296.50 10197.34 2.36
804.4 431139.60 10255.37 2.38
805.6 429395.85 10253.66 2.39
806.9 424872.75 10194.25 2.40
808.2 418633.80 10055.79 2.40
809.4 409642.20 9869.59 2.41
810.7 397839.05 9582.29 2.41
811.9 382949.70 9201.50 2.40
813.1 366990.05 8799.38 2.40
814.4 351429.90 8357.49 2.38
815.6 338314.90 8029.46 2.37
816.9 329626.80 7712.23 2.34
818.1 323265.80 7512.05 2.32
819.4 320229.30 7289.43 2.28
820.6 319338.60 7161.79 2.24
821.8 320001.60 7011.43 2.19
823.1 322611.80 6908.45 2.14
824.3 324069.20 6739.60 2.08
825.5 326068.05 6548.85 2.01
826.8 329245.00 6359.50 1.93
828.0 331500.40 6171.55 1.86
829.2 333165.00 5973.60 1.79
830.4 334456.50 5724.00 1.71
831.6 337392.00 5532.69 1.64
832.9 341596.00 5394.57 1.58
834.1 346782.30 5305.48 1.53
835.3 352116.05 5213.37 1.48
836.5 358303.60 5133.26 1.43
837.8 364371.20 5099.49 1.40
839.0 369716.85 5081.79 1.37
840.2 374368.40 5039.40 1.35
841.4 379040.00 5028.57 1.33
842.6 383325.00 5014.93 1.31
843.8 386894.20 4977.03 1.29
845.0 388989.80 4949.46 1.27
846.2 389128.60 4920.60 1.26
847.4 388175.70 4864.36 1.25
848.6 386084.55 4762.35 1.23
849.8 382907.30 4685.57 1.22
851.0 379086.75 4576.50 1.21
852.2 374906.00 4514.00 1.20
853.4 373721.25 4435.71 1.19
854.6 373953.50 4374.96 1.17
855.8 374904.40 4331.60 1.16
857.0 377785.10 4341.62 1.15
858.2 381709.00 4346.77 1.14
859.4 384753.00 4352.20 1.13
860.6 386691.00 4319.74 1.12
861.8 387254.20 4290.34 1.11
863.0 386405.75 4259.11 1.10
864.1 383851.80 4213.77 1.10
865.3 382610.60 4095.04 1.07
866.5 381568.80 4107.51 1.08
867.7 380858.00 4073.43 1.07
868.9 381364.75 3989.79 1.05
870.0 382517.05 3983.40 1.04
871.2 383295.20 3978.17 1.04
872.4 383926.90 3922.35 1.02
873.6 384026.80 3896.86 1.01
874.7 384256.00 3856.46 1.00
875.9 384912.55 3852.51 1.00
877.1 385284.90 3812.34 0.99
878.2 385119.60 3765.71 0.98
879.4 384764.80 3724.90 0.97
880.6 383223.00 3682.56 0.96
881.7 380375.80 3601.29 0.95
882.9 377028.30 3527.23 0.94
884.0 373543.80 3442.80 0.92
885.2 370704.75 3370.61 0.91
886.4 367668.00 3397.39 0.92
887.5 364436.00 3253.89 0.89
888.7 361163.40 3218.06 0.89
889.8 356767.20 3158.74 0.89
891.0 350528.20 3014.00 0.86
892.1 341881.05 2956.06 0.86
893.3 330485.50 2850.71 0.86
894.4 316457.05 2724.45 0.86
895.5 301888.50 2571.07 0.85
896.7 286770.00 2505.43 0.87
897.8 273935.10 2368.97 0.86
899.0 264762.75 2276.29 0.86
900.1 259840.00 2180.80 0.84
901.2 258640.20 2223.00 0.86
902.4 259521.00 2148.90 0.83
903.5 259974.00 2095.03 0.81
904.6 258782.85 2089.86 0.81
905.8 256510.80 2084.27 0.81
906.9 252667.50 2031.13 0.80
908.0 247563.00 1952.43 0.79
909.2 243041.50 1948.33 0.80
910.3 238939.80 1841.69 0.77
911.4 234952.80 1809.49 0.77
912.5 231968.80 1801.00 0.78
913.6 229053.00 1737.21 0.76
914.8 227145.80 1744.87 0.77
915.9 227033.95 1696.04 0.75
917.0 229591.05 1696.04 0.74
918.1 233516.30 1665.37 0.71
919.2 236806.40 1686.29 0.71
920.3 240663.50 1628.55 0.68
921.5 242953.00 1650.29 0.68
922.6 243405.00 1622.70 0.67
923.7 241555.60 1623.60 0.67
924.8 237242.70 1521.78 0.64
925.9 228186.00 1474.67 0.65
927.0 215555.50 1324.18 0.61
928.1 199453.80 1252.46 0.63
929.2 179707.50 1128.75 0.63
930.3 158445.60 951.94 0.60
931.4 137673.90 879.45 0.64
932.5 118942.40 806.57 0.68
933.5 103550.00 732.86 0.71
934.6 92568.10 603.59 0.65
935.7 85770.10 609.87 0.71
936.8 84801.60 588.90 0.69
937.9 85795.20 624.17 0.73
939.0 87119.60 546.11 0.63
940.1 89760.00 670.29 0.75
941.1 91885.80 620.85 0.68
942.2 92067.60 510.49 0.55
943.3 92169.35 519.35 0.56
944.4 91827.20 559.54 0.61
945.4 92123.20 537.81 0.58
946.5 93294.90 579.47 0.62
947.6 94218.00 525.26 0.56
948.7 96042.50 568.89 0.59
949.7 97491.60 512.04 0.53
950.8 98616.40 488.20 0.50
951.9 100467.90 534.21 0.53
952.9 101900.00 473.11 0.46
954.0 103999.35 595.77 0.57
955.0 107459.95 533.30 0.50
956.1 111486.00 624.57 0.56
957.1 114000.70 640.23 0.56
958.2 118018.65 533.28 0.45
959.2 123015.00 590.00 0.48
960.3 127794.55 607.10 0.48
961.4 133159.95 712.80 0.54
962.4 139314.00 687.86 0.49
963.4 146830.80 803.13 0.55
964.5 155177.75 682.10 0.44
965.5 165839.10 804.80 0.49
966.6 177097.55 623.40 0.35
967.6 188701.80 859.20 0.46
968.6 199997.40 833.79 0.42
969.7 211355.40 921.94 0.44
970.7 219581.25 896.25 0.41
971.7 224371.70 1051.94 0.47
972.8 228244.40 1155.34 0.51
973.8 230255.65 1067.54 0.46
974.8 232171.30 1107.89 0.48
975.8 234243.75 1007.50 0.43
976.9 236278.90 1122.64 0.48
977.9 238644.30 1089.70 0.46
978.9 243436.05 1053.84 0.43
979.9 247377.60 1180.80 0.48
980.9 252068.00 1229.60 0.49
981.9 257742.30 1190.71 0.46
982.9 263369.30 1241.41 0.47
983.9 269115.00 1198.29 0.45
984.9 275138.00 1463.50 0.53
985.9 280498.10 1201.04 0.43
986.9 288090.00 1371.86 0.48
987.9 291202.40 1438.63 0.49
988.9 296593.70 1508.74 0.51
989.9 301061.00 1583.14 0.53
990.9 304016.90 1665.09 0.55
991.9 307697.25 1898.46 0.62
992.9 310896.00 1696.36 0.55
993.9 314667.60 1465.84 0.47
994.9 317427.85 1551.79 0.49
995.9 319454.55 2199.34 0.69
996.8 320598.75 1364.25 0.43
997.8 323642.70 2290.91 0.71
998.8 326144.50 1783.43 0.55
999.8 328652.80 1916.34 0.58
1000.7 327483.30 1809.30 0.55
1001.7 330792.15 1957.35 0.59
1002.6 334182.35 2736.71 0.82
1003.6 335390.40 2661.83 0.79
1004.6 336692.40 2186.31 0.65
1005.5 339828.50 3209.71 0.94
1006.5 346752.90 3570.17 1.03
1007.5 347345.00 2977.24 0.86
1008.4 357148.60 2772.89 0.78
1009.4 357835.70 2493.63 0.70
1010.3 364120.70 2811.74 0.77
1011.2 372650.65 3972.82 1.07
1012.2 379233.00 5417.61 1.43
1013.1 388146.60 5134.21 1.32
1014.0 382267.20 6826.20 1.79
988.9 222874.31 545.29 0.24
992.7 227656.03 602.35 0.26
996.6 233923.03 634.61 0.27
1000.4 237202.49 631.12 0.27
1004.3 238578.68 651.39 0.27
1008.1 239581.27 646.43 0.27
1012.0 242358.75 668.84 0.28
1015.8 246085.53 714.97 0.29
1019.6 250850.42 749.69 0.30
1023.5 256932.14 779.21 0.30
1027.3 262466.78 815.70 0.31
1031.2 266481.29 845.22 0.32
1035.0 268650.59 869.61 0.32
1038.8 269441.51 903.58 0.34
1042.7 269650.08 944.10 0.35
1046.5 269250.08 959.36 0.36
1050.3 268497.49 966.91 0.36
1054.2 266940.09 987.44 0.37
1058.0 264023.22 998.17 0.38
1061.8 259972.43 1007.59 0.39
1065.6 255471.19 990.66 0.39
1069.5 250414.43 976.72 0.39
1073.3 245307.69 975.02 0.40
1077.1 240398.25 941.28 0.39
1080.9 235440.49 915.39 0.39
1084.7 230022.71 894.10 0.39
1088.5 223396.80 861.70 0.39
1092.3 215132.33 808.28 0.38
1096.2 205129.71 743.57 0.36
1100.0 192565.52 690.98 0.36
1103.8 176592.70 631.78 0.36
1107.6 157190.63 554.85 0.35
1111.4 135211.21 456.80 0.34
1115.2 112618.39 380.64 0.34
1119.0 91049.13 327.77 0.36
1122.8 72840.30 279.17 0.38
1126.6 60092.33 235.08 0.39
1130.4 53091.83 211.19 0.40
1134.2 50369.79 217.45 0.43
1138.0 50044.58 215.99 0.43
1141.8 51285.28 199.58 0.39
1145.6 54130.98 193.90 0.36
1149.4 59004.20 202.66 0.34
1153.2 66813.66 206.36 0.31
1156.9 77803.93 213.76 0.27
1160.7 91224.66 232.05 0.25
1164.5 105392.75 260.70 0.25
1168.3 118463.69 275.71 0.23
1172.1 129220.19 287.18 0.22
1175.8 137194.20 312.31 0.23
1179.6 143026.03 331.06 0.23
1183.4 147219.19 329.70 0.22
1187.2 150300.15 321.86 0.21
1190.9 152546.14 326.60 0.21
1194.7 154248.11 337.64 0.22
1198.5 155589.09 338.95 0.22
1202.2 156537.87 337.72 0.22
1206.0 157519.20 341.85 0.22
1209.8 159029.02 358.49 0.23
1213.5 161271.83 366.01 0.23
1217.3 164025.28 379.37 0.23
1221.0 167188.46 408.45 0.24
1224.8 170422.18 431.94 0.25
1228.5 173543.27 460.09 0.27
1232.3 176274.35 490.42 0.28
1236.0 178385.99 510.46 0.29
1239.8 179607.58 526.51 0.29
1243.5 179702.38 525.67 0.29
1247.3 178566.50 513.32 0.29
1251.0 175944.91 495.60 0.28
1254.8 171878.37 472.31 0.27
1258.5 166985.91 437.29 0.26
1262.2 162070.00 401.28 0.25
1266.0 157977.97 388.29 0.25
1269.7 155183.44 386.75 0.25
1273.4 153906.21 379.39 0.25
1277.2 154057.20 371.71 0.24
1280.9 154702.03 370.75 0.24
1284.6 154831.29 375.67 0.24
1288.3 154029.76 382.02 0.25
1292.1 151821.75 374.36 0.25
1295.8 148255.73 367.83 0.25
1299.5 143253.20 376.41 0.26
1303.2 137175.48 376.05 0.27
1306.9 130366.54 368.76 0.28
1310.6 123337.11 368.15 0.30
1314.3 116034.19 351.56 0.30
1318.0 108150.75 334.84 0.31
1321.8 99822.00 322.58 0.32
1325.5 91208.91 305.77 0.34
1329.2 82419.10 292.85 0.36
1332.8 73141.44 273.02 0.37
1336.5 63377.86 240.17 0.38
1340.2 53521.81 207.48 0.39
1343.9 43777.44 177.26 0.40
1347.6 34272.81 143.20 0.42
1351.3 25436.91 114.54 0.45
1355.0 18121.73 90.65 0.50
1358.7 12757.66 71.18 0.56
1362.3 9180.00 53.55 0.58
1366.0 6842.26 38.15 0.56
1369.7 5309.86 32.77 0.62
1373.4 4317.68 37.55 0.87
1377.1 3707.14 35.11 0.95
1380.7 3337.68 27.71 0.83
1384.4 3168.88 30.12 0.95
1388.1 3112.20 37.44 1.20
1391.7 3125.55 37.32 1.19
1395.4 3224.00 39.68 1.23
1399.0 3414.45 61.80 1.81
1402.7 3671.15 78.98 2.15
1406.4 3933.38 86.38 2.20
1410.0 4201.61 96.21 2.29
1413.7 4508.54 98.48 2.18
1417.3 4904.33 110.52 2.25
1421.0 5315.61 102.94 1.94
1424.6 5714.55 83.23 1.46
1428.2 6153.31 68.40 1.11
1431.9 6666.38 61.30 0.92
1435.5 7247.51 61.55 0.85
1439.2 8015.96 54.05 0.67
1442.8 9275.50 51.47 0.55
1446.4 11146.19 46.42 0.42
1450.0 13537.63 46.19 0.34
1453.7 15962.49 41.17 0.26
1457.3 17930.69 31.46 0.18
1460.9 19361.28 43.61 0.23
1464.5 20174.44 46.11 0.23
1468.1 20546.07 36.41 0.18
1471.8 20963.25 43.56 0.21
1475.4 22078.35 43.34 0.20
1479.0 24445.18 38.42 0.16
1482.6 28152.65 45.66 0.16
1486.2 33266.53 52.87 0.16
1489.8 39372.16 62.35 0.16
1493.4 46209.16 74.09 0.16
1497.0 53349.41 74.03 0.14
1500.6 60392.67 81.09 0.13
1504.2 66802.73 99.79 0.15
1507.7 72500.03 114.19 0.16
1511.3 77682.98 114.34 0.15
1514.9 82419.35 119.20 0.14
1518.5 86702.34 133.00 0.15
1522.1 90339.20 132.61 0.15
1525.7 93491.09 135.32 0.14
1529.2 96161.84 144.81 0.15
1532.8 98340.95 154.51 0.16
1536.4 100064.13 157.08 0.16
1539.9 101421.70 154.57 0.15
1543.5 102420.20 152.38 0.15
1547.0 103078.20 162.11 0.16
1550.6 103414.75 164.43 0.16
1554.2 103452.64 157.61 0.15
1557.7 103165.84 169.69 0.16
1561.3 102331.32 179.18 0.18
1564.8 101064.21 167.58 0.17
1568.4 99487.03 155.87 0.16
1571.9 97850.31 156.26 0.16
1575.5 96510.15 151.96 0.16
1579.0 95599.24 147.68 0.15
1582.5 95187.70 143.78 0.15
1586.0 95048.69 144.20 0.15
1589.6 94891.10 149.39 0.16
1593.1 94416.43 148.08 0.16
1596.6 93761.50 144.54 0.15
1600.2 92982.49 147.56 0.16
1603.7 92260.63 148.03 0.16
1607.2 91725.01 141.18 0.15
1610.7 91460.23 136.35 0.15
1614.2 91501.16 149.51 0.16
1617.7 91740.34 150.51 0.16
1621.2 91983.08 138.56 0.15
1624.7 92064.30 131.33 0.14
1628.2 91799.81 129.25 0.14
1631.7 91178.48 142.34 0.16
1635.2 90310.55 139.70 0.15
1638.7 89342.96 127.20 0.14
1642.2 88343.90 128.04 0.14
1645.7 87536.07 128.67 0.15
1649.2 86823.18 126.38 0.15
1652.6 86218.26 121.72 0.14
1656.1 85590.56 119.48 0.14
1659.6 84992.67 119.79 0.14
1663.1 84383.27 117.61 0.14
1666.5 83617.37 118.05 0.14
1670.0 82804.39 118.32 0.14
1673.5 82085.48 128.88 0.16
1676.9 81460.51 128.69 0.16
1680.4 80784.94 118.14 0.15
1683.8 80028.11 115.76 0.14
1687.3 79321.20 116.01 0.15
1690.7 78556.90 108.04 0.14
1694.2 77690.33 108.48 0.14
1697.6 76807.66 114.53 0.15
1701.1 75849.29 117.52 0.15
1704.5 74937.33 112.30 0.15
1707.9 73978.27 101.86 0.14
1711.4 72902.58 102.45 0.14
1714.8 71723.73 105.68 0.15
1718.2 70489.28 106.10 0.15
1721.6 69132.18 95.23 0.14
1725.1 67585.16 92.53 0.14
1728.5 65944.30 95.57 0.14
1731.9 64317.99 90.43 0.14
1735.3 62711.11 82.19 0.13
1738.7 61252.60 82.27 0.13
1742.1 59849.11 87.76 0.15
1745.5 58616.38 82.07 0.14
1748.9 57451.76 73.79 0.13
1752.3 56146.24 68.30 0.12
1755.7 54693.69 74.28 0.14
1759.1 53006.85 74.70 0.14
1762.5 50927.65 69.34 0.14
1765.8 48451.43 66.79 0.14
1769.2 45639.02 64.04 0.14
1772.6 42569.97 49.59 0.12
1776.0 39409.05 40.99 0.10
1779.3 36109.86 41.13 0.11
1782.7 32678.46 47.34 0.14
1786.1 29200.96 38.66 0.13
1789.4 25658.70 17.93 0.07
1792.8 22015.74 18.02 0.08
1796.1 18408.89 24.03 0.13
1799.5 14985.75 18.10 0.12
1802.8 11944.03 6.06 0.05
1806.2 9404.53 9.14 0.10
1809.5 7394.23 9.18 0.12
1812.9 5815.71 0.00 0.00
1816.2 4608.22 -6.17 -0.13
1819.5 3718.80 0.00 0.00
1822.9 3072.11 -3.11 -0.10
1826.2 2608.81 0.00 0.00
1829.5 2274.66 -3.12 -0.14
1832.8 2050.16 -15.70 -0.77
1836.1 1929.99 0.00 0.00
1839.5 1825.14 6.31 0.35
1842.8 1687.02 0.00 0.00
1846.1 1617.96 0.00 0.00
1849.4 1563.71 6.33 0.41
1852.7 1491.09 3.18 0.21
1856.0 1441.80 -3.20 -0.22
1859.3 1399.99 -3.22 -0.23
1862.5 1382.95 -3.25 -0.24
1865.8 1368.95 -6.69 -0.49
1869.1 1356.25 -6.94 -0.51
1872.4 1341.00 -3.58 -0.27
1875.7 1369.88 0.00 0.00
1878.9 1398.62 -3.76 -0.27
1882.2 1407.90 -19.76 -1.40
1885.5 1473.87 -12.75 -0.86
1888.7 1610.54 0.00 0.00
1892.0 1752.18 -10.29 -0.59
1895.2 1871.35 -11.52 -0.62
1898.5 2091.70 0.00 0.00
1901.8 2296.26 0.00 0.00
1905.0 2479.56 -15.56 -0.63
1870.5 6587.88 168.92 2.56
1873.3 4704.06 0.00 0.00
1876.1 3340.28 47.72 1.43
1878.8 2543.33 -109.00 -4.29
1881.6 2126.61 -138.09 -6.49
1884.4 1601.88 0.00 0.00
1887.2 1346.16 17.04 1.27
1890.0 1185.75 55.80 4.71
1892.8 984.62 58.61 5.95
1895.5 862.04 10.14 1.18
1898.3 777.58 9.04 1.16
1901.1 750.30 41.23 5.49
1903.8 685.95 15.24 2.22
1906.6 613.32 -7.13 -1.16
1909.3 608.40 6.76 1.11
1912.1 635.69 32.43 5.10
1914.9 658.88 18.83 2.86
1917.6 614.59 -6.09 -0.99
1920.4 596.57 -5.91 -0.99
1923.1 653.79 74.56 11.40
1925.9 693.84 66.08 9.52
1928.6 680.77 5.24 0.77
1931.4 726.35 -4.98 -0.68
1934.1 834.85 0.00 0.00
1936.8 981.93 0.00 0.00
1939.6 1124.71 0.00 0.00
1942.3 1371.04 7.79 0.57
1945.0 1666.94 7.26 0.44
1947.8 1935.36 0.00 0.00
1950.5 2282.98 3.22 0.14
1953.2 2786.00 12.29 0.44
1955.9 3477.95 14.83 0.43
1958.7 4427.50 2.88 0.06
1961.4 5778.30 5.61 0.10
1964.1 7560.59 22.07 0.29
1966.8 9701.73 35.34 0.36
1969.5 12193.25 32.30 0.26
1972.2 14939.88 13.38 0.09
1974.9 17766.63 18.63 0.10
1977.6 20619.05 31.84 0.15
1980.3 23354.19 31.76 0.14
1983.0 25738.50 39.68 0.15
1985.7 27604.26 36.89 0.13
1988.4 28840.44 36.84 0.13
1991.1 28969.19 50.07 0.17
1993.8 28359.29 49.97 0.18
1996.5 26982.40 39.53 0.15
1999.1 24729.30 42.19 0.17
2001.8 22268.88 39.40 0.18
2004.5 19790.32 20.92 0.11
2007.2 17577.28 23.52 0.13
2009.8 15899.52 31.36 0.20
2012.5 15003.13 13.04 0.09
2015.2 15014.40 7.82 0.05
2017.8 15667.50 47.31 0.30
2020.5 17379.04 55.23 0.32
2023.2 20077.06 31.22 0.16
2025.8 22942.40 28.60 0.12
2028.5 26260.09 23.37 0.09
2031.2 29677.74 41.28 0.14
2033.8 32664.40 43.80 0.13
2036.5 35038.98 46.44 0.13
2039.1 36743.83 36.10 0.10
2041.7 37455.45 25.78 0.07
2044.4 37462.57 41.31 0.11
2047.0 37159.63 43.69 0.12
2049.7 36181.95 48.58 0.13
2052.3 34804.49 43.61 0.13
2054.9 33285.08 36.00 0.11
2057.6 31958.23 46.32 0.14
2060.2 30900.56 43.61 0.14
2062.8 30161.00 48.58 0.16
2065.4 29879.99 41.09 0.14
2068.1 30038.52 28.31 0.09
2070.7 30538.89 43.61 0.14
2073.3 31361.48 54.01 0.17
2075.9 32435.08 54.11 0.17
2078.5 33597.25 43.95 0.13
2081.1 34857.09 49.18 0.14
2083.7 36055.55 56.91 0.16
2086.3 36940.69 49.18 0.13
2088.9 37680.96 46.59 0.12
2091.6 38259.39 51.73 0.14
2094.1 38634.64 46.47 0.12
2096.7 38843.88 46.35 0.12
2099.3 38897.97 59.38 0.15
2101.9 38979.92 59.42 0.15
2104.5 39026.19 51.53 0.13
2107.1 38957.79 41.39 0.11
2109.7 38931.82 38.95 0.10
2112.3 38916.10 62.52 0.16
2114.8 38880.80 57.64 0.15
2117.4 38872.13 55.48 0.14
2120.0 38899.39 53.17 0.14
2122.6 38941.33 50.67 0.13
2125.1 38948.53 69.72 0.18
2127.7 39063.17 62.18 0.16
2130.3 39170.63 51.46 0.13
2132.8 39172.02 54.30 0.14
2135.4 39147.35 54.50 0.14
2137.9 39121.44 54.70 0.14
2140.5 38950.84 49.17 0.13
2143.0 38794.17 49.11 0.13
2145.6 38377.19 46.44 0.12
2148.1 37884.84 57.51 0.15
2150.7 37310.87 57.44 0.15
2153.2 36736.00 43.73 0.12
2155.8 36087.18 35.43 0.10
2158.3 35430.66 40.83 0.12
2160.8 34778.36 48.93 0.14
2163.4 34238.22 45.93 0.13
2165.9 33784.29 51.08 0.15
2168.4 33463.60 51.11 0.15
2171.0 33178.46 34.97 0.11
2173.5 32925.60 40.35 0.12
2176.0 32713.23 51.17 0.16
2178.5 32528.07 51.33 0.16
2181.1 32274.77 37.78 0.12
2183.6 31959.90 24.30 0.08
2186.1 31697.19 45.99 0.15
2188.6 31407.76 56.81 0.18
2191.1 31072.71 40.63 0.13
2193.6 30807.29 32.50 0.11
2196.1 30621.76 35.36 0.12
2198.6 30502.77 43.65 0.14
2201.1 30416.53 43.73 0.14
2203.6 30309.13 41.13 0.14
2206.1 30206.82 35.79 0.12
2208.6 30238.04 33.18 0.11
2211.1 30332.31 44.43 0.15
2213.6 30423.51 44.61 0.15
2216.0 30620.52 47.49 0.16
2218.5 30662.80 36.40 0.12
2221.0 30672.62 30.89 0.10
2223.5 30656.67 42.50 0.14
2225.9 30600.45 42.75 0.14
2228.4 30635.83 48.39 0.16
2230.9 30594.72 37.22 0.12
2233.3 30314.61 37.42 0.12
2235.8 30119.40 40.39 0.13
2238.3 30015.44 37.61 0.13
2240.7 29750.79 40.62 0.14
2243.2 29463.75 23.28 0.08
2245.7 29202.06 20.45 0.07
2248.1 28886.87 41.02 0.14
2250.6 28577.89 46.91 0.16
2253.0 28286.13 46.93 0.17
2255.4 27896.91 35.32 0.13
2257.9 27521.03 26.51 0.10
2260.3 27171.84 32.43 0.12
2262.8 26808.72 26.64 0.10
2265.2 26527.86 23.72 0.09
2267.6 26278.18 26.78 0.10
2270.1 26032.57 20.88 0.08
2272.5 25870.81 23.96 0.09
2274.9 25689.75 33.06 0.13
2277.3 25483.79 30.18 0.12
2279.8 25302.29 30.32 0.12
2282.2 25128.95 24.40 0.10
2284.6 24940.68 30.70 0.12
2287.0 24723.19 40.11 0.16
2289.4 24426.58 24.89 0.10
2291.8 24124.62 18.84 0.08
2294.3 23917.96 28.47 0.12
2296.7 23755.21 44.71 0.19
2299.1 23574.95 32.17 0.14
2301.5 23507.94 25.84 0.11
2303.9 23453.28 32.53 0.14
2306.3 23402.80 29.52 0.13
2308.7 23130.28 43.03 0.19
2311.0 22929.86 39.78 0.17
2313.4 22825.76 36.41 0.16
2315.8 22463.12 23.24 0.10
2318.2 22019.65 10.02 0.05
2320.6 21452.42 54.05 0.25
2323.0 21156.99 54.24 0.26
2325.3 21176.56 30.47 0.14
2327.7 21069.80 23.80 0.11
2330.1 20865.83 13.63 0.07
2332.5 20687.92 37.58 0.18
2334.8 20236.07 34.33 0.17
2337.2 19700.88 6.88 0.03
2339.6 19125.55 24.13 0.13
2341.9 18508.44 31.10 0.17
2344.3 17915.90 31.11 0.17
2346.6 17197.32 27.76 0.16
2349.0 16684.52 17.38 0.10
2351.3 16174.08 28.08 0.17
2353.7 15849.62 17.58 0.11
2356.0 15820.08 10.44 0.07
2358.4 15624.14 13.91 0.09
2360.7 15456.39 27.89 0.18
2363.1 15221.50 21.00 0.14
2365.4 14861.25 0.00 0.00
2367.7 14399.86 14.09 0.10
2370.1 13915.74 38.94 0.28
2372.4 13454.47 10.83 0.08
2374.7 12871.27 3.69 0.03
2377.0 12463.00 18.33 0.15
2379.3 12137.03 29.05 0.24
2381.7 11787.58 7.30 0.06
2384.0 11469.90 0.00 0.00
2386.3 11255.64 14.89 0.13
2388.6 11184.93 15.01 0.13
2390.9 11163.48 15.13 0.14
2393.2 11201.29 11.40 0.10
2395.5 11214.90 0.00 0.00
2397.8 11106.26 11.57 0.10
2400.2 10922.49 7.73 0.07
2402.4 10741.30 3.88 0.04
2404.7 10443.64 19.49 0.19
2407.0 10040.03 15.78 0.16
2409.3 9572.01 3.99 0.04
2411.6 9068.05 4.03 0.04
2413.9 8595.29 24.43 0.28
2416.2 8276.79 24.67 0.30
2418.5 8118.87 16.62 0.20
2420.8 8039.62 4.19 0.05
2423.0 8049.67 0.00 0.00
2425.3 8245.29 29.84 0.36
2427.6 8389.39 12.92 0.15
2429.8 8362.75 -8.71 -0.10
2432.1 8238.08 0.00 0.00
2434.4 8200.68 8.88 0.11
2436.6 8157.75 8.94 0.11
2438.9 7893.82 0.00 0.00
2441.2 7502.95 13.65 0.18
2443.4 7125.09 13.76 0.19
2445.7 6764.43 0.00 0.00
2447.9 6349.07 0.00 0.00
2450.2 5892.21 4.71 0.08
2452.4 5623.19 19.01 0.34
2454.7 5557.41 14.39 0.26
2456.9 5512.56 0.00 0.00
2459.1 5472.79 0.00 0.00
2461.4 5466.64 19.81 0.36
2463.6 5419.58 24.98 0.46
2465.8 5177.96 0.00 0.00
2468.1 4797.13 0.00 0.00
2470.3 4451.20 20.80 0.47
2472.5 4131.40 10.59 0.26
2474.8 3779.54 0.00 0.00
2477.0 3388.57 0.00 0.00
2479.2 2981.92 5.42 0.18
2481.4 2598.36 16.52 0.64
2483.6 2188.01 0.00 0.00
2485.8 1844.05 0.00 0.00
2488.0 1562.02 11.44 0.73
2490.2 1283.34 0.00 0.00
2492.4 1118.60 5.95 0.53
2494.7 1009.52 0.00 0.00
2496.8 930.92 12.33 1.32
2499.0 884.57 6.32 0.71
2501.2 850.63 -12.99 -1.53
2503.4 823.69 13.39 1.63
2505.6 794.63 6.79 0.85
