/*** Spectra Vista SIG Data ***/
name= \My Documents\varunmtech14\wetsand.
instrument= HR: 1031044
integration= 10, 19.2, 30, 70, 60, 30
scan time= 1, 1
scan settings= AD, AI, AD, AI
external data set1= 8224, 8224, 8224, 8224, 8224, 8224, 8224, 8224, 8224, 8224, 8224, 8224, 8224, 8224, 8224, 8224
external data set2= 8224, 8224, 8224, 8224, 8224, 8224, 8224, 8224, 8224, 8224, 8224, 8224, 8224, 8224, 8224, 8224
external data dark= 0,0,0,0,0,0,0,0
external data mask= 0
optic= LENS 4, LENS 4
temp= 39.75, 9.08, -5.03, 43.46, 9.01, -5.10
battery= 7.8, 7.6
error= 0, 0
units= Radiance, Radiance
time= 1/2/08 07:45:06 AM, 1/2/08 07:52:43 AM
longitude= , 
latitude= , 
gpstime= , 
comm= 
memory slot= 0, 0
factors= 
data= 
341.6 95693.40 7675.26 8.02
343.1 99955.40 8046.48 8.05
344.7 103439.65 8284.97 8.01
346.3 106692.25 8539.63 8.00
347.9 110561.40 8860.07 8.01
349.5 117811.40 9445.10 8.02
351.1 127941.75 10280.36 8.04
352.6 136621.10 11014.49 8.06
354.2 144050.00 11646.86 8.09
355.8 148523.90 12022.51 8.09
357.4 150917.00 12221.34 8.10
358.9 149576.55 12104.95 8.09
360.5 150636.60 12158.30 8.07
362.1 156481.60 12630.51 8.07
363.6 165838.00 13383.82 8.07
365.2 180028.80 14524.34 8.07
366.8 199452.50 16150.00 8.10
368.3 215422.95 17495.46 8.12
369.9 222983.80 18160.35 8.14
371.5 225121.45 18349.24 8.15
373.0 224940.30 18293.41 8.13
374.6 222108.00 18082.14 8.14
376.1 219799.30 17880.80 8.14
377.7 216707.40 17690.40 8.16
379.3 216420.75 17734.95 8.19
380.8 227779.20 18776.17 8.24
382.4 243527.70 20135.98 8.27
383.9 247600.35 20581.54 8.31
385.5 243189.60 20213.83 8.31
387.0 240822.40 19954.33 8.29
388.6 247639.80 20557.29 8.30
390.1 251579.20 20852.23 8.29
391.7 247195.65 20516.14 8.30
393.2 239145.80 19849.44 8.30
394.8 241908.00 20072.14 8.30
396.3 258372.30 21478.46 8.31
397.9 287584.05 23955.86 8.33
399.4 326322.00 27254.57 8.35
401.0 370333.80 31000.63 8.37
402.5 409003.00 34374.00 8.40
404.1 438961.05 36961.48 8.42
405.6 454536.70 38368.73 8.44
407.1 461855.25 38997.42 8.44
408.7 462544.95 39057.80 8.44
410.2 456201.00 38466.71 8.43
411.7 445676.40 37540.20 8.42
413.3 438213.75 36924.64 8.43
414.8 435994.90 36785.33 8.44
416.4 440626.45 37261.48 8.46
417.9 448758.00 38067.54 8.48
419.4 462726.80 39420.63 8.52
420.9 482159.25 41188.07 8.54
422.5 502563.75 43060.18 8.57
424.0 514397.10 44239.65 8.60
425.5 512582.00 44216.80 8.63
427.1 500195.20 43239.89 8.64
428.6 483326.75 41855.10 8.66
430.1 467097.10 40506.87 8.67
431.6 456493.20 39624.56 8.68
433.2 453564.00 39460.82 8.70
434.7 457338.75 39900.54 8.72
436.2 466682.50 40842.43 8.75
437.8 480957.05 42242.95 8.78
439.3 497431.75 43860.11 8.82
440.8 517866.75 45823.50 8.85
442.3 541545.40 48104.02 8.88
443.8 566514.00 50500.91 8.91
445.4 591005.70 52898.40 8.95
446.9 611829.00 54966.26 8.98
448.4 628895.25 56718.26 9.02
449.9 639275.00 57837.00 9.05
451.4 642797.65 58314.61 9.07
452.9 638874.35 58126.77 9.10
454.5 632603.40 57684.60 9.12
456.0 624705.15 57089.16 9.14
457.5 618115.20 56567.14 9.15
459.0 613757.20 56260.35 9.17
460.5 609295.80 55944.69 9.18
462.0 605109.60 55681.35 9.20
463.6 604252.25 55722.25 9.22
465.1 611650.65 56558.64 9.25
466.6 632869.30 58672.60 9.27
468.1 656964.00 61086.86 9.30
469.6 666427.30 62147.80 9.33
471.1 667176.90 62404.27 9.35
472.6 670464.00 62882.74 9.38
474.1 677376.50 63697.14 9.40
475.6 683145.00 64410.81 9.43
477.1 683754.50 64612.82 9.45
478.6 680182.00 64407.77 9.47
480.1 673203.40 63873.80 9.49
481.6 658837.50 62694.64 9.52
483.1 639996.50 61045.68 9.54
484.7 621590.55 59427.05 9.56
486.2 607207.70 58213.83 9.59
487.7 598170.65 57500.68 9.61
489.2 597604.35 57592.97 9.64
490.7 606355.20 58615.07 9.67
492.2 621268.05 60258.62 9.70
493.7 637518.40 62098.51 9.74
495.2 652656.25 63839.29 9.78
496.7 664092.00 65246.36 9.82
498.1 671902.45 66295.04 9.87
499.6 676027.50 66974.36 9.91
501.1 677742.15 67419.24 9.95
502.6 677218.70 67645.43 9.99
504.1 674658.60 67656.60 10.03
505.6 670609.80 67548.60 10.07
507.1 666576.35 67448.70 10.12
508.6 659850.00 67114.29 10.17
510.1 650292.80 66476.57 10.22
511.6 639874.05 65773.09 10.28
513.1 626605.00 64780.00 10.34
514.6 615164.00 63961.86 10.40
516.1 604703.90 63225.73 10.46
517.5 594289.15 62471.50 10.51
519.0 588009.60 62135.49 10.57
520.5 587233.00 62383.51 10.62
522.0 593286.40 63365.50 10.68
523.5 603061.20 64751.40 10.74
525.0 614004.30 66290.40 10.80
526.5 626980.00 68071.79 10.86
528.0 641005.50 69982.43 10.92
529.4 654652.00 71866.71 10.98
530.9 668014.10 73720.61 11.04
532.4 679437.00 75362.57 11.09
533.9 686507.00 76514.50 11.15
535.4 688299.85 77078.15 11.20
536.8 684723.00 77028.43 11.25
538.3 677335.20 76529.99 11.30
539.8 668459.00 75847.83 11.35
541.3 657811.80 74962.03 11.40
542.8 648680.90 74247.39 11.45
544.2 640860.15 73664.35 11.49
545.7 635326.90 73329.29 11.54
547.2 630525.20 73098.29 11.59
548.6 626037.00 72898.82 11.64
550.1 622186.60 72796.21 11.70
551.6 620872.70 72988.20 11.76
553.1 619624.00 73229.43 11.82
554.5 618559.90 73482.29 11.88
556.0 618828.00 73912.00 11.94
557.5 620212.50 74449.29 12.00
558.9 623450.10 75206.94 12.06
560.4 628267.80 76140.00 12.12
561.9 636031.20 77423.10 12.17
563.3 643858.80 78693.29 12.22
564.8 651619.20 79938.30 12.27
566.3 656351.95 80811.79 12.31
567.7 657463.95 81198.56 12.35
569.2 657426.60 81405.77 12.38
570.6 655119.55 81336.03 12.42
572.1 652151.50 81111.64 12.44
573.6 648935.10 80860.84 12.46
575.0 645589.70 80577.47 12.48
576.5 642080.15 80244.84 12.50
577.9 639075.45 79948.61 12.51
579.4 635798.65 79627.25 12.52
580.9 632835.55 79305.36 12.53
582.3 630061.00 79040.11 12.54
583.8 625573.35 78550.26 12.56
585.2 617317.20 77599.03 12.57
586.7 606594.00 76334.86 12.58
588.1 593615.40 74772.90 12.60
589.6 582983.25 73488.54 12.61
591.0 574560.05 72487.76 12.62
592.5 570504.75 72025.29 12.62
593.9 569221.10 71943.30 12.64
595.4 571694.40 72342.40 12.65
596.8 575648.80 72958.29 12.67
598.2 579271.60 73525.73 12.69
599.7 584228.75 74285.89 12.72
601.1 591771.20 75335.59 12.73
602.6 599314.50 76383.34 12.75
604.0 608339.20 77611.20 12.76
605.5 616434.50 78693.21 12.77
606.9 623928.20 79691.53 12.77
608.3 629577.30 80438.01 12.78
609.8 633965.40 81004.63 12.78
611.2 637558.25 81458.96 12.78
612.6 639206.70 81664.63 12.78
614.1 641832.60 81969.43 12.77
615.5 643148.10 82062.90 12.76
616.9 643360.20 82001.89 12.75
618.4 639579.40 81382.29 12.72
619.8 628510.50 79844.79 12.70
621.2 614178.80 77852.97 12.68
622.7 599377.60 75813.89 12.65
624.1 587545.20 74167.81 12.62
625.5 577161.10 72741.91 12.60
626.9 570350.55 71752.61 12.58
628.4 565086.60 71000.87 12.56
629.8 561529.15 70352.80 12.53
631.2 561217.60 70129.37 12.50
632.6 562446.30 70229.71 12.49
634.0 562542.00 70313.83 12.50
635.5 563014.00 70457.49 12.51
636.9 562950.00 70542.50 12.53
638.3 563137.20 70657.20 12.55
639.7 563230.50 70746.95 12.56
641.1 564045.30 70970.05 12.58
642.5 563323.20 71008.84 12.61
644.0 562378.20 71040.71 12.63
645.4 561468.35 71084.04 12.66
646.8 558550.20 70854.42 12.69
648.2 556479.00 70655.36 12.70
649.6 555397.00 70507.66 12.70
651.0 554342.40 70315.89 12.68
652.4 553038.20 70004.91 12.66
653.8 552315.30 69719.86 12.62
655.2 550664.80 69305.43 12.59
656.6 547187.20 68528.60 12.52
658.0 547627.50 68222.40 12.46
659.4 552375.75 68433.54 12.39
660.8 558489.75 68774.18 12.31
662.2 567506.80 69460.59 12.24
663.6 574905.60 69909.94 12.16
665.0 579997.20 70044.17 12.08
666.4 581561.40 69742.59 11.99
667.8 580451.40 69145.07 11.91
669.2 576551.95 68262.44 11.84
670.6 571106.25 67227.36 11.77
672.0 565533.90 66279.60 11.72
673.4 559900.60 65364.25 11.67
674.8 555598.40 64694.11 11.64
676.1 551667.20 64179.20 11.63
677.5 548779.70 63811.15 11.63
678.9 546175.95 63583.03 11.64
680.3 543474.00 63406.86 11.67
681.7 539633.90 63177.76 11.71
683.1 530370.00 62360.31 11.76
684.4 517746.90 61211.04 11.82
685.8 505038.60 60059.57 11.89
687.2 491803.20 58926.86 11.98
688.6 480625.25 58040.50 12.08
689.9 472072.70 57474.26 12.17
691.3 467734.40 57467.20 12.29
692.7 467695.20 57972.74 12.40
694.1 469122.50 58696.00 12.51
695.4 471014.40 59465.14 12.62
696.8 473280.50 60291.00 12.74
698.2 476864.85 61262.79 12.85
699.5 481283.10 62317.66 12.95
700.9 487937.00 63628.71 13.04
702.2 496485.00 65188.93 13.13
703.6 505294.40 66729.37 13.21
705.0 511465.50 67879.50 13.27
706.3 512680.35 68334.96 13.33
707.7 508851.80 68050.19 13.37
709.0 502238.40 67383.77 13.42
710.4 495820.30 66674.00 13.45
711.8 489708.00 65988.89 13.48
713.1 482513.50 65128.93 13.50
714.5 472032.00 63799.67 13.52
715.8 458046.75 61997.40 13.54
717.2 443802.00 60135.40 13.55
718.5 430168.55 58280.60 13.55
719.9 417942.80 56638.37 13.55
721.2 409860.10 55541.76 13.55
722.5 405967.80 55005.51 13.55
723.9 404051.70 54728.49 13.54
725.2 401486.40 54381.60 13.55
726.6 398816.55 54043.63 13.55
727.9 397202.40 53835.00 13.55
729.2 399602.40 54166.63 13.56
730.6 405319.80 54970.66 13.56
731.9 412778.80 56027.20 13.57
733.2 422073.60 57321.09 13.58
734.6 431370.50 58651.29 13.60
735.9 439305.55 59795.28 13.61
737.2 445588.00 60701.09 13.62
738.6 450288.40 61409.16 13.64
739.9 454713.60 62077.71 13.65
741.2 458902.50 62685.00 13.66
742.5 462674.80 63228.15 13.67
743.9 466459.00 63788.00 13.67
745.2 468774.15 64158.16 13.69
746.5 470061.50 64344.87 13.69
747.8 470569.95 64465.69 13.70
749.1 470388.90 64500.17 13.71
750.4 469887.60 64452.79 13.72
751.8 469106.25 64383.82 13.72
753.1 468080.70 64300.56 13.74
754.4 465309.00 63964.57 13.75
755.7 453936.00 62463.07 13.76
757.0 432001.80 59575.31 13.79
758.3 402341.40 55571.98 13.81
759.6 367694.80 50826.91 13.82
760.9 334763.80 46292.83 13.83
762.2 308858.60 42697.31 13.82
763.5 299196.50 41299.61 13.80
764.8 306379.75 42279.61 13.80
766.1 325084.05 44856.96 13.80
767.4 348910.00 48182.32 13.81
768.7 372963.00 51617.71 13.84
770.0 395045.15 54761.01 13.86
771.3 413253.55 57395.29 13.89
772.6 428401.75 59627.29 13.92
773.9 440994.00 61510.36 13.95
775.2 453435.00 63384.00 13.98
776.5 466621.00 65368.01 14.01
777.7 482527.50 67731.30 14.04
779.0 495157.20 69620.66 14.06
780.3 494647.30 69609.95 14.07
781.6 479944.00 67543.43 14.07
782.9 462039.00 65032.96 14.08
784.1 450165.60 63328.11 14.07
785.4 444576.10 62507.29 14.06
786.7 440966.90 62019.31 14.06
788.0 438242.40 61606.29 14.06
789.2 436628.55 61401.62 14.06
790.5 436024.30 61308.48 14.06
791.8 436257.50 61342.80 14.06
793.0 436690.50 61434.64 14.07
794.3 436661.00 61452.26 14.07
795.6 436176.00 61395.43 14.08
796.9 435702.40 61372.89 14.09
798.1 434812.40 61271.89 14.09
799.4 433744.35 61145.44 14.10
800.6 432076.85 60979.17 14.11
801.9 431113.60 60905.37 14.13
803.1 431296.50 60963.39 14.13
804.4 431139.60 60952.63 14.14
805.6 429395.85 60731.36 14.14
806.9 424872.75 60130.43 14.15
808.2 418633.80 59238.81 14.15
809.4 409642.20 57967.33 14.15
810.7 397839.05 56306.46 14.15
811.9 382949.70 54157.40 14.14
813.1 366990.05 51891.33 14.14
814.4 351429.90 49646.31 14.13
815.6 338314.90 47762.24 14.12
816.9 329626.80 46498.11 14.11
818.1 323265.80 45544.01 14.09
819.4 320229.30 45112.16 14.09
820.6 319338.60 44939.96 14.07
821.8 320001.60 45025.06 14.07
823.1 322611.80 45365.10 14.06
824.3 324069.20 45588.00 14.07
825.5 326068.05 45899.70 14.08
826.8 329245.00 46310.50 14.07
828.0 331500.40 46670.20 14.08
829.2 333165.00 46899.60 14.08
830.4 334456.50 47098.07 14.08
831.6 337392.00 47474.74 14.07
832.9 341596.00 48054.57 14.07
834.1 346782.30 48796.89 14.07
835.3 352116.05 49594.44 14.08
836.5 358303.60 50454.51 14.08
837.8 364371.20 51310.06 14.08
839.0 369716.85 52060.07 14.08
840.2 374368.40 52743.45 14.09
841.4 379040.00 53394.29 14.09
842.6 383325.00 53976.77 14.08
843.8 386894.20 54503.11 14.09
845.0 388989.80 54772.43 14.08
846.2 389128.60 54811.00 14.09
847.4 388175.70 54670.63 14.08
848.6 386084.55 54355.24 14.08
849.8 382907.30 53920.11 14.08
851.0 379086.75 53344.07 14.07
852.2 374906.00 52777.20 14.08
853.4 373721.25 52575.54 14.07
854.6 373953.50 52512.04 14.04
855.8 374904.40 52686.40 14.05
857.0 377785.10 53034.38 14.04
858.2 381709.00 53527.76 14.02
859.4 384753.00 53959.34 14.02
860.6 386691.00 54218.83 14.02
861.8 387254.20 54280.29 14.02
863.0 386405.75 54181.43 14.02
864.1 383851.80 53853.71 14.03
865.3 382610.60 53627.64 14.02
866.5 381568.80 53516.31 14.03
867.7 380858.00 53393.71 14.02
868.9 381364.75 53460.04 14.02
870.0 382517.05 53586.21 14.01
871.2 383295.20 53753.83 14.02
872.4 383926.90 53870.25 14.03
873.6 384026.80 53827.46 14.02
874.7 384256.00 53886.17 14.02
875.9 384912.55 53970.87 14.02
877.1 385284.90 53995.97 14.01
878.2 385119.60 54000.34 14.02
879.4 384764.80 53943.50 14.02
880.6 383223.00 53702.42 14.01
881.7 380375.80 53239.01 14.00
882.9 377028.30 52807.07 14.01
884.0 373543.80 52256.79 13.99
885.2 370704.75 51820.50 13.98
886.4 367668.00 51398.49 13.98
887.5 364436.00 50928.67 13.97
888.7 361163.40 50472.69 13.98
889.8 356767.20 49814.23 13.96
891.0 350528.20 48977.50 13.97
892.1 341881.05 47709.89 13.96
893.3 330485.50 46137.71 13.96
894.4 316457.05 44233.55 13.98
895.5 301888.50 42143.21 13.96
896.7 286770.00 39996.57 13.95
897.8 273935.10 38222.44 13.95
899.0 264762.75 36880.54 13.93
900.1 259840.00 36168.80 13.92
901.2 258640.20 35989.20 13.91
902.4 259521.00 36082.63 13.90
903.5 259974.00 36234.47 13.94
904.6 258782.85 36080.19 13.94
905.8 256510.80 35699.21 13.92
906.9 252667.50 35189.91 13.93
908.0 247563.00 34402.29 13.90
909.2 243041.50 33796.01 13.91
910.3 238939.80 33251.26 13.92
911.4 234952.80 32749.14 13.94
912.5 231968.80 32289.36 13.92
913.6 229053.00 31944.00 13.95
914.8 227145.80 31668.11 13.94
915.9 227033.95 31650.64 13.94
917.0 229591.05 31989.84 13.93
918.1 233516.30 32526.79 13.93
919.2 236806.40 32999.31 13.94
920.3 240663.50 33630.85 13.97
921.5 242953.00 33882.43 13.95
922.6 243405.00 33999.43 13.97
923.7 241555.60 33786.34 13.99
924.8 237242.70 33143.82 13.97
925.9 228186.00 31899.47 13.98
927.0 215555.50 30196.46 14.01
928.1 199453.80 27867.17 13.97
929.2 179707.50 25095.00 13.96
930.3 158445.60 22053.34 13.92
931.4 137673.90 19161.35 13.92
932.5 118942.40 16561.60 13.92
933.5 103550.00 14467.14 13.97
934.6 92568.10 12812.48 13.84
935.7 85770.10 11864.77 13.83
936.8 84801.60 11721.91 13.82
937.9 85795.20 11859.26 13.82
939.0 87119.60 11985.77 13.76
940.1 89760.00 12414.86 13.83
941.1 91885.80 12653.51 13.77
942.2 92067.60 12642.03 13.73
943.3 92169.35 12769.90 13.85
944.4 91827.20 12651.89 13.78
945.4 92123.20 12749.19 13.84
946.5 93294.90 12941.53 13.87
947.6 94218.00 13065.77 13.87
948.7 96042.50 13318.79 13.87
949.7 97491.60 13449.47 13.80
950.8 98616.40 13599.86 13.79
951.9 100467.90 13853.96 13.79
952.9 101900.00 14193.21 13.93
954.0 103999.35 14447.46 13.89
955.0 107459.95 14932.40 13.90
956.1 111486.00 15419.11 13.83
957.1 114000.70 15845.66 13.90
958.2 118018.65 16367.55 13.87
959.2 123015.00 17194.29 13.98
960.3 127794.55 17866.09 13.98
961.4 133159.95 18621.90 13.98
962.4 139314.00 19535.14 14.02
963.4 146830.80 20597.89 14.03
964.5 155177.75 21729.76 14.00
965.5 165839.10 23288.90 14.04
966.6 177097.55 24884.05 14.05
967.6 188701.80 26581.50 14.09
968.6 199997.40 28181.96 14.09
969.7 211355.40 29790.28 14.09
970.7 219581.25 30950.50 14.10
971.7 224371.70 31867.46 14.20
972.8 228244.40 32413.79 14.20
973.8 230255.65 32626.78 14.17
974.8 232171.30 32751.87 14.11
975.8 234243.75 33175.54 14.16
976.9 236278.90 33604.44 14.22
977.9 238644.30 33858.54 14.19
978.9 243436.05 34452.32 14.15
979.9 247377.60 35339.66 14.29
980.9 252068.00 36009.71 14.29
981.9 257742.30 36820.33 14.29
982.9 263369.30 37433.20 14.21
983.9 269115.00 38644.71 14.36
984.9 275138.00 39619.04 14.40
985.9 280498.10 40071.16 14.29
986.9 288090.00 41155.71 14.29
987.9 291202.40 41960.00 14.41
988.9 296593.70 42496.26 14.33
989.9 301061.00 43008.71 14.29
990.9 304016.90 43430.99 14.29
991.9 307697.25 43956.75 14.29
992.9 310896.00 44413.71 14.29
993.9 314667.60 44626.77 14.18
994.9 317427.85 45174.41 14.23
995.9 319454.55 45819.64 14.34
996.8 320598.75 45799.82 14.29
997.8 323642.70 46651.20 14.41
998.8 326144.50 47037.93 14.42
999.8 328652.80 46710.86 14.21
1000.7 327483.30 47300.27 14.44
1001.7 330792.15 47815.26 14.45
1002.6 334182.35 47740.34 14.29
1003.6 335390.40 47912.91 14.29
1004.6 336692.40 48098.91 14.29
1005.5 339828.50 49349.36 14.52
1006.5 346752.90 48643.59 14.03
1007.5 347345.00 49620.71 14.29
1008.4 357148.60 49912.07 13.98
1009.4 357835.70 49249.16 13.76
1010.3 364120.70 52720.18 14.48
1011.2 372650.65 52441.24 14.07
1012.2 379233.00 50564.40 13.33
1013.1 388146.60 50315.30 12.96
1014.0 382267.20 55747.30 14.58
988.9 222874.31 31701.86 14.22
992.7 227656.03 32440.85 14.25
996.6 233923.03 33418.09 14.29
1000.4 237202.49 33959.33 14.32
1004.3 238578.68 34299.86 14.38
1008.1 239581.27 34570.81 14.43
1012.0 242358.75 35140.14 14.50
1015.8 246085.53 35909.07 14.59
1019.6 250850.42 36796.26 14.67
1023.5 256932.14 37849.84 14.73
1027.3 262466.78 38824.06 14.79
1031.2 266481.29 39539.70 14.84
1035.0 268650.59 39900.47 14.85
1038.8 269441.51 40065.63 14.87
1042.7 269650.08 40175.73 14.90
1046.5 269250.08 40171.46 14.92
1050.3 268497.49 40106.70 14.94
1054.2 266940.09 39904.40 14.95
1058.0 264023.22 39496.30 14.96
1061.8 259972.43 38900.65 14.96
1065.6 255471.19 38223.36 14.96
1069.5 250414.43 37494.90 14.97
1073.3 245307.69 36766.53 14.99
1077.1 240398.25 36039.48 14.99
1080.9 235440.49 35320.98 15.00
1084.7 230022.71 34561.96 15.03
1088.5 223396.80 33606.14 15.04
1092.3 215132.33 32381.62 15.05
1096.2 205129.71 30901.61 15.06
1100.0 192565.52 29008.99 15.06
1103.8 176592.70 26640.74 15.09
1107.6 157190.63 23769.45 15.12
1111.4 135211.21 20479.78 15.15
1115.2 112618.39 17093.12 15.18
1119.0 91049.13 13825.45 15.18
1122.8 72840.30 11025.33 15.14
1126.6 60092.33 9030.99 15.03
1130.4 53091.83 7911.95 14.90
1134.2 50369.79 7439.83 14.77
1138.0 50044.58 7355.30 14.70
1141.8 51285.28 7522.48 14.67
1145.6 54130.98 7919.57 14.63
1149.4 59004.20 8635.65 14.64
1153.2 66813.66 9779.99 14.64
1156.9 77803.93 11397.96 14.65
1160.7 91224.66 13398.21 14.69
1164.5 105392.75 15543.48 14.75
1168.3 118463.69 17572.15 14.83
1172.1 129220.19 19279.12 14.92
1175.8 137194.20 20567.98 14.99
1179.6 143026.03 21518.97 15.05
1183.4 147219.19 22222.66 15.09
1187.2 150300.15 22753.81 15.14
1190.9 152546.14 23171.69 15.19
1194.7 154248.11 23521.35 15.25
1198.5 155589.09 23786.03 15.29
1202.2 156537.87 23998.13 15.33
1206.0 157519.20 24228.48 15.38
1209.8 159029.02 24527.23 15.42
1213.5 161271.83 24937.06 15.46
1217.3 164025.28 25424.22 15.50
1221.0 167188.46 26003.46 15.55
1224.8 170422.18 26618.06 15.62
1228.5 173543.27 27208.48 15.68
1232.3 176274.35 27751.44 15.74
1236.0 178385.99 28179.39 15.80
1239.8 179607.58 28488.06 15.86
1243.5 179702.38 28620.96 15.93
1247.3 178566.50 28554.99 15.99
1251.0 175944.91 28255.61 16.06
1254.8 171878.37 27705.83 16.12
1258.5 166985.91 26986.85 16.16
1262.2 162070.00 26262.56 16.20
1266.0 157977.97 25678.31 16.25
1269.7 155183.44 25284.53 16.29
1273.4 153906.21 25113.20 16.32
1277.2 154057.20 25192.20 16.35
1280.9 154702.03 25363.05 16.39
1284.6 154831.29 25443.24 16.43
1288.3 154029.76 25376.51 16.48
1292.1 151821.75 25067.92 16.51
1295.8 148255.73 24521.09 16.54
1299.5 143253.20 23746.45 16.58
1303.2 137175.48 22768.18 16.60
1306.9 130366.54 21643.58 16.60
1310.6 123337.11 20462.41 16.59
1314.3 116034.19 19232.40 16.57
1318.0 108150.75 17915.00 16.56
1321.8 99822.00 16525.24 16.55
1325.5 91208.91 15068.50 16.52
1329.2 82419.10 13586.28 16.48
1332.8 73141.44 12035.22 16.45
1336.5 63377.86 10391.77 16.40
1340.2 53521.81 8758.62 16.36
1343.9 43777.44 7169.34 16.38
1347.6 34272.81 5619.44 16.40
1351.3 25436.91 4178.22 16.43
1355.0 18121.73 2968.72 16.38
1358.7 12757.66 2081.90 16.32
1362.3 9180.00 1494.30 16.28
1366.0 6842.26 1093.49 15.98
1369.7 5309.86 829.41 15.62
1373.4 4317.68 675.81 15.65
1377.1 3707.14 576.84 15.56
1380.7 3337.68 508.84 15.25
1384.4 3168.88 479.41 15.13
1388.1 3112.20 466.75 15.00
1391.7 3125.55 462.77 14.81
1395.4 3224.00 471.20 14.62
1399.0 3414.45 496.87 14.55
1402.7 3671.15 530.62 14.45
1406.4 3933.38 555.30 14.12
1410.0 4201.61 579.75 13.80
1413.7 4508.54 608.11 13.49
1417.3 4904.33 645.93 13.17
1421.0 5315.61 678.93 12.77
1424.6 5714.55 700.13 12.25
1428.2 6153.31 732.90 11.91
1431.9 6666.38 782.19 11.73
1435.5 7247.51 824.77 11.38
1439.2 8015.96 879.61 10.97
1442.8 9275.50 995.11 10.73
1446.4 11146.19 1165.31 10.45
1450.0 13537.63 1380.81 10.20
1453.7 15962.49 1608.21 10.07
1457.3 17930.69 1793.22 10.00
1460.9 19361.28 1938.40 10.01
1464.5 20174.44 2036.25 10.09
1468.1 20546.07 2089.65 10.17
1471.8 20963.25 2161.06 10.31
1475.4 22078.35 2311.68 10.47
1479.0 24445.18 2578.67 10.55
1482.6 28152.65 2996.54 10.64
1486.2 33266.53 3590.08 10.79
1489.8 39372.16 4306.81 10.94
1493.4 46209.16 5133.72 11.11
1497.0 53349.41 6034.48 11.31
1500.6 60392.67 6959.43 11.52
1504.2 66802.73 7840.80 11.74
1507.7 72500.03 8664.32 11.95
1511.3 77682.98 9430.34 12.14
1514.9 82419.35 10174.91 12.35
1518.5 86702.34 10896.50 12.57
1522.1 90339.20 11534.53 12.77
1525.7 93491.09 12124.02 12.97
1529.2 96161.84 12667.66 13.17
1532.8 98340.95 13159.07 13.38
1536.4 100064.13 13594.56 13.59
1539.9 101421.70 13970.75 13.77
1543.5 102420.20 14302.67 13.96
1547.0 103078.20 14594.85 14.16
1550.6 103414.75 14846.09 14.36
1554.2 103452.64 15032.46 14.53
1557.7 103165.84 15162.16 14.70
1561.3 102331.32 15225.10 14.88
1564.8 101064.21 15199.51 15.04
1568.4 99487.03 15114.59 15.19
1571.9 97850.31 15025.00 15.36
1575.5 96510.15 14964.05 15.51
1579.0 95599.24 14949.68 15.64
1582.5 95187.70 15026.54 15.79
1586.0 95048.69 15135.69 15.92
1589.6 94891.10 15220.54 16.04
1593.1 94416.43 15254.71 16.16
1596.6 93761.50 15248.55 16.26
1600.2 92982.49 15228.59 16.38
1603.7 92260.63 15204.54 16.48
1607.2 91725.01 15206.67 16.58
1610.7 91460.23 15256.05 16.68
1614.2 91501.16 15343.37 16.77
1617.7 91740.34 15461.61 16.85
1621.2 91983.08 15578.19 16.94
1624.7 92064.30 15653.43 17.00
1628.2 91799.81 15680.61 17.08
1631.7 91178.48 15657.40 17.17
1635.2 90310.55 15571.15 17.24
1638.7 89342.96 15459.18 17.30
1642.2 88343.90 15348.76 17.37
1645.7 87536.07 15267.56 17.44
1649.2 86823.18 15197.68 17.50
1652.6 86218.26 15137.77 17.56
1656.1 85590.56 15080.40 17.62
1659.6 84992.67 15021.67 17.67
1663.1 84383.27 14952.76 17.72
1666.5 83617.37 14861.14 17.77
1670.0 82804.39 14741.10 17.80
1673.5 82085.48 14646.68 17.84
1676.9 81460.51 14563.19 17.88
1680.4 80784.94 14456.04 17.89
1683.8 80028.11 14348.36 17.93
1687.3 79321.20 14248.14 17.96
1690.7 78556.90 14123.53 17.98
1694.2 77690.33 13972.22 17.98
1697.6 76807.66 13825.89 18.00
1701.1 75849.29 13662.27 18.01
1704.5 74937.33 13497.79 18.01
1707.9 73978.27 13321.77 18.01
1711.4 72902.58 13141.67 18.03
1714.8 71723.73 12928.87 18.03
1718.2 70489.28 12689.64 18.00
1721.6 69132.18 12425.24 17.97
1725.1 67585.16 12130.10 17.95
1728.5 65944.30 11809.01 17.91
1731.9 64317.99 11476.39 17.84
1735.3 62711.11 11146.12 17.77
1738.7 61252.60 10845.85 17.71
1742.1 59849.11 10539.81 17.61
1745.5 58616.38 10267.24 17.52
1748.9 57451.76 10001.11 17.41
1752.3 56146.24 9716.24 17.31
1755.7 54693.69 9419.53 17.22
1759.1 53006.85 9075.81 17.12
1762.5 50927.65 8669.89 17.02
1765.8 48451.43 8209.61 16.94
1769.2 45639.02 7693.77 16.86
1772.6 42569.97 7137.90 16.77
1776.0 39409.05 6576.29 16.69
1779.3 36109.86 6005.27 16.63
1782.7 32678.46 5417.93 16.58
1786.1 29200.96 4823.83 16.52
1789.4 25658.70 4220.47 16.45
1792.8 22015.74 3618.62 16.44
1796.1 18408.89 3031.04 16.47
1799.5 14985.75 2458.04 16.40
1802.8 11944.03 1955.00 16.37
1806.2 9404.53 1535.18 16.32
1809.5 7394.23 1202.97 16.27
1812.9 5815.71 939.73 16.16
1816.2 4608.22 737.32 16.00
1819.5 3718.80 604.31 16.25
1822.9 3072.11 497.76 16.20
1826.2 2608.81 414.30 15.88
1829.5 2274.66 368.63 16.21
1832.8 2050.16 332.73 16.23
1836.1 1929.99 305.65 15.84
1839.5 1825.14 280.97 15.39
1842.8 1687.02 258.87 15.35
1846.1 1617.96 255.72 15.80
1849.4 1563.71 247.03 15.80
1852.7 1491.09 241.76 16.21
1856.0 1441.80 227.48 15.78
1859.3 1399.99 222.39 15.88
1862.5 1382.95 224.53 16.24
1865.8 1368.95 214.02 15.63
1869.1 1356.25 208.32 15.36
1872.4 1341.00 210.98 15.73
1875.7 1369.88 219.18 16.00
1878.9 1398.62 225.66 16.13
1882.2 1407.90 221.31 15.72
1885.5 1473.87 229.45 15.57
1888.7 1610.54 260.01 16.14
1892.0 1752.18 282.92 16.15
1895.2 1871.35 299.42 16.00
1898.5 2091.70 328.24 15.69
1901.8 2296.26 370.97 16.16
1905.0 2479.56 404.51 16.31
1870.5 6587.88 1097.98 16.67
1873.3 4704.06 699.25 14.86
1876.1 3340.28 763.49 22.86
1878.8 2543.33 72.67 2.86
1881.6 2126.61 0.00 0.00
1884.4 1601.88 128.15 8.00
1887.2 1346.16 153.36 11.39
1890.0 1185.75 181.35 15.29
1892.8 984.62 117.22 11.90
1895.5 862.04 81.13 9.41
1898.3 777.58 99.46 12.79
1901.1 750.30 140.17 18.68
1903.8 685.95 83.84 12.22
1906.6 613.32 57.05 9.30
1909.3 608.40 74.36 12.22
1912.1 635.69 77.84 12.24
1914.9 658.88 81.58 12.38
1917.6 614.59 73.02 11.88
1920.4 596.57 76.79 12.87
1923.1 653.79 97.50 14.91
1925.9 693.84 66.08 9.52
1928.6 680.77 57.60 8.46
1931.4 726.35 49.75 6.85
1934.1 834.85 47.17 5.65
1936.8 981.93 62.49 6.36
1939.6 1124.71 83.93 7.46
1942.3 1371.04 101.27 7.39
1945.0 1666.94 119.85 7.19
1947.8 1935.36 129.71 6.70
1950.5 2282.98 125.58 5.50
1953.2 2786.00 156.66 5.62
1955.9 3477.95 204.59 5.88
1958.7 4427.50 255.88 5.78
1961.4 5778.30 311.36 5.39
1964.1 7560.59 422.03 5.58
1966.8 9701.73 543.67 5.60
1969.5 12193.25 691.76 5.67
1972.2 14939.88 845.30 5.66
1974.9 17766.63 1003.45 5.65
1977.6 20619.05 1207.27 5.86
1980.3 23354.19 1394.79 5.97
1983.0 25738.50 1542.04 5.99
1985.7 27604.26 1662.69 6.02
1988.4 28840.44 1771.11 6.14
1991.1 28969.19 1812.88 6.26
1993.8 28359.29 1793.66 6.32
1996.5 26982.40 1728.56 6.41
1999.1 24729.30 1589.91 6.43
2001.8 22268.88 1434.16 6.44
2004.5 19790.32 1310.12 6.62
2007.2 17577.28 1181.23 6.72
2009.8 15899.52 1094.99 6.89
2012.5 15003.13 1053.77 7.02
2015.2 15014.40 1066.13 7.10
2017.8 15667.50 1145.95 7.31
2020.5 17379.04 1293.96 7.45
2023.2 20077.06 1534.98 7.65
2025.8 22942.40 1775.80 7.74
2028.5 26260.09 2059.16 7.84
2031.2 29677.74 2368.44 7.98
2033.8 32664.40 2633.35 8.06
2036.5 35038.98 2861.22 8.17
2039.1 36743.83 3037.28 8.27
2041.7 37455.45 3130.10 8.36
2044.4 37462.57 3175.45 8.48
2047.0 37159.63 3186.80 8.58
2049.7 36181.95 3137.03 8.67
2052.3 34804.49 3067.74 8.81
2054.9 33285.08 2967.70 8.92
2057.6 31958.23 2869.27 8.98
2060.2 30900.56 2818.94 9.12
2062.8 30161.00 2799.55 9.28
2065.4 29879.99 2809.76 9.40
2068.1 30038.52 2856.40 9.51
2070.7 30538.89 2944.62 9.64
2073.3 31361.48 3068.00 9.78
2075.9 32435.08 3215.68 9.91
2078.5 33597.25 3357.92 9.99
2081.1 34857.09 3530.49 10.13
2083.7 36055.55 3717.04 10.31
2086.3 36940.69 3833.32 10.38
2088.9 37680.96 3952.39 10.49
2091.6 38259.39 4076.59 10.66
2094.1 38634.64 4153.90 10.75
2096.7 38843.88 4220.43 10.87
2099.3 38897.97 4277.82 11.00
2101.9 38979.92 4342.58 11.14
2104.5 39026.19 4403.52 11.28
2107.1 38957.79 4425.79 11.36
2109.7 38931.82 4471.46 11.49
2112.3 38916.10 4517.07 11.61
2114.8 38880.80 4556.18 11.72
2117.4 38872.13 4604.43 11.85
2120.0 38899.39 4636.13 11.92
2122.6 38941.33 4682.67 12.02
2125.1 38948.53 4727.78 12.14
2127.7 39063.17 4784.90 12.25
2130.3 39170.63 4842.50 12.36
2132.8 39172.02 4873.43 12.44
2135.4 39147.35 4921.35 12.57
2137.9 39121.44 4953.09 12.66
2140.5 38950.84 4947.05 12.70
2143.0 38794.17 4968.30 12.81
2145.6 38377.19 4938.85 12.87
2148.1 37884.84 4896.14 12.92
2150.7 37310.87 4865.57 13.04
2153.2 36736.00 4807.93 13.09
2155.8 36087.18 4738.78 13.13
2158.3 35430.66 4662.22 13.16
2160.8 34778.36 4583.11 13.18
2163.4 34238.22 4536.10 13.25
2165.9 33784.29 4489.52 13.29
2168.4 33463.60 4449.26 13.30
2171.0 33178.46 4422.36 13.33
2173.5 32925.60 4387.39 13.33
2176.0 32713.23 4373.97 13.37
2178.5 32528.07 4357.79 13.40
2181.1 32274.77 4306.54 13.34
2183.6 31959.90 4260.60 13.33
2186.1 31697.19 4233.33 13.36
2188.6 31407.76 4187.34 13.33
2191.1 31072.71 4122.08 13.27
2193.6 30807.29 4073.33 13.22
2196.1 30621.76 4044.64 13.21
2198.6 30502.77 4035.21 13.23
2201.1 30416.53 4015.27 13.20
2203.6 30309.13 4000.09 13.20
2206.1 30206.82 3967.55 13.13
2208.6 30238.04 3956.72 13.09
2211.1 30332.31 3962.30 13.06
2213.6 30423.51 3976.16 13.07
2216.0 30620.52 4022.40 13.14
2218.5 30662.80 4032.00 13.15
2221.0 30672.62 4032.77 13.15
2223.5 30656.67 4046.00 13.20
2225.9 30600.45 4049.85 13.23
2228.4 30635.83 4059.35 13.25
2230.9 30594.72 4048.75 13.23
2233.3 30314.61 3995.13 13.18
2235.8 30119.40 3984.19 13.23
2238.3 30015.44 3981.23 13.26
2240.7 29750.79 3923.05 13.19
2243.2 29463.75 3881.94 13.18
2245.7 29202.06 3853.68 13.20
2248.1 28886.87 3800.21 13.16
2250.6 28577.89 3743.74 13.10
2253.0 28286.13 3707.73 13.11
2255.4 27896.91 3655.62 13.10
2257.9 27521.03 3595.85 13.07
2260.3 27171.84 3540.95 13.03
2262.8 26808.72 3489.84 13.02
2265.2 26527.86 3466.09 13.07
2267.6 26278.18 3430.18 13.05
2270.1 26032.57 3356.25 12.89
2272.5 25870.81 3330.44 12.87
2274.9 25689.75 3314.52 12.90
2277.3 25483.79 3271.87 12.84
2279.8 25302.29 3240.85 12.81
2282.2 25128.95 3196.40 12.72
2284.6 24940.68 3159.03 12.67
2287.0 24723.19 3131.28 12.67
2289.4 24426.58 3077.44 12.60
2291.8 24124.62 3008.12 12.47
2294.3 23917.96 2967.21 12.41
2296.7 23755.21 2944.25 12.39
2299.1 23574.95 2898.22 12.29
2301.5 23507.94 2874.70 12.23
2303.9 23453.28 2846.67 12.14
2306.3 23402.80 2797.84 11.96
2308.7 23130.28 2767.16 11.96
2311.0 22929.86 2738.19 11.94
2313.4 22825.76 2700.96 11.83
2315.8 22463.12 2642.72 11.76
2318.2 22019.65 2560.50 11.63
2320.6 21452.42 2513.48 11.72
2323.0 21156.99 2454.36 11.60
2325.3 21176.56 2403.35 11.35
2327.7 21069.80 2373.20 11.26
2330.1 20865.83 2333.57 11.18
2332.5 20687.92 2313.08 11.18
2334.8 20236.07 2238.53 11.06
2337.2 19700.88 2153.44 10.93
2339.6 19125.55 2081.79 10.88
2341.9 18508.44 2003.90 10.83
2344.3 17915.90 1932.28 10.79
2346.6 17197.32 1846.04 10.73
2349.0 16684.52 1773.10 10.63
2351.3 16174.08 1705.86 10.55
2353.7 15849.62 1666.90 10.52
2356.0 15820.08 1653.00 10.45
2358.4 15624.14 1620.13 10.37
2360.7 15456.39 1575.97 10.20
2363.1 15221.50 1533.00 10.07
2365.4 14861.25 1486.83 10.00
2367.7 14399.86 1444.57 10.03
2370.1 13915.74 1394.76 10.02
2372.4 13454.47 1335.70 9.93
2374.7 12871.27 1270.51 9.87
2377.0 12463.00 1217.33 9.77
2379.3 12137.03 1205.71 9.93
2381.7 11787.58 1172.19 9.94
2384.0 11469.90 1093.95 9.54
2386.3 11255.64 1061.15 9.43
2388.6 11184.93 1069.70 9.56
2390.9 11163.48 1062.65 9.52
2393.2 11201.29 1036.95 9.26
2395.5 11214.90 1044.23 9.31
2397.8 11106.26 1048.56 9.44
2400.2 10922.49 1016.50 9.31
2402.4 10741.30 978.60 9.11
2404.7 10443.64 962.89 9.22
2407.0 10040.03 919.19 9.16
2409.3 9572.01 849.87 8.88
2411.6 9068.05 789.23 8.70
2413.9 8595.29 769.55 8.95
2416.2 8276.79 731.88 8.84
2418.5 8118.87 698.04 8.60
2420.8 8039.62 679.05 8.45
2423.0 8049.67 663.06 8.24
2425.3 8245.29 699.19 8.48
2427.6 8389.39 706.29 8.42
2429.8 8362.75 696.53 8.33
2432.1 8238.08 681.74 8.28
2434.4 8200.68 666.00 8.12
2436.6 8157.75 670.50 8.22
2438.9 7893.82 631.87 8.00
2441.2 7502.95 600.60 8.00
2443.4 7125.09 600.64 8.43
2445.7 6764.43 537.08 7.94
2447.9 6349.07 499.16 7.86
2450.2 5892.21 475.71 8.07
2452.4 5623.19 437.31 7.78
2454.7 5557.41 431.55 7.77
2456.9 5512.56 416.96 7.56
2459.1 5472.79 427.03 7.80
2461.4 5466.64 430.80 7.88
2463.6 5419.58 409.59 7.56
2465.8 5177.96 378.88 7.32
2468.1 4797.13 352.13 7.34
2470.3 4451.20 353.60 7.94
2472.5 4131.40 317.80 7.69
2474.8 3779.54 272.26 7.20
2477.0 3388.57 235.91 6.96
2479.2 2981.92 211.45 7.09
2481.4 2598.36 209.19 8.05
2483.6 2188.01 155.49 7.11
2485.8 1844.05 134.52 7.29
2488.0 1562.02 120.16 7.69
2490.2 1283.34 70.32 5.48
2492.4 1118.60 89.25 7.98
2494.7 1009.52 84.63 8.38
2496.8 930.92 80.15 8.61
2499.0 884.57 82.14 9.29
2501.2 850.63 32.47 3.82
2503.4 823.69 73.66 8.94
2505.6 794.63 101.88 12.82
